-1.554801
-1.546894
-1.546894
-1.522865
-1.522864
-1.488726
-1.481938
-1.481938
-1.480443
-1.480443
-1.455450
-1.455450
-1.423393
-1.423393
-1.413545
-1.413545
-1.373579
-1.365156
-1.365156
-1.354304
-1.354304
-1.346474
-1.346474
-1.340091
-1.340090
-1.302298
-1.302298
-1.272268
-1.272268
-1.253495
-1.253494
-1.239244
-1.239243
-1.213742
-1.206236
-1.206236
-1.185601
-1.185601
-1.182549
-1.182549
-1.177774
-1.177774
-1.144478
-1.144478
-1.120139
-1.120139
-1.085240
-1.085240
-1.076282
-1.076282
-1.071294
-1.071294
-1.044156
-1.033609
-1.016744
-1.016744
-1.012829
-1.012829
-1.005993
-0.997130
-0.997130
-0.984668
-0.984668
-0.976030
-0.961818
-0.952277
-0.952277
-0.929291
-0.929291
-0.915490
-0.907592
-0.907591
-0.898720
-0.898720
-0.883894
-0.874029
-0.874029
-0.859371
-0.859371
-0.854888
-0.854888
-0.840486
-0.840486
-0.832524
-0.832524
-0.779705
-0.778676
-0.778676
-0.773084
-0.759445
-0.759030
-0.759030
-0.758679
-0.758679
-0.743092
-0.743092
-0.736749
-0.736749
-0.730986
-0.730986
-0.710524
-0.710524
-0.699599
-0.699599
-0.692137
-0.692137
-0.661145
-0.661145
-0.656149
-0.656149
-0.655851
-0.655851
-0.637872
-0.633839
-0.629410
-0.629410
-0.616844
-0.603582
-0.603582
-0.600613
-0.596035
-0.596035
-0.591570
-0.591570
-0.588693
-0.588693
-0.583503
-0.583503
-0.576878
-0.576878
-0.567935
-0.567935
-0.566314
-0.566314
-0.563112
-0.563112
-0.559597
-0.559597
-0.555053
-0.555052
-0.553501
-0.553501
-0.548362
-0.548362
-0.541474
-0.533794
-0.533794
-0.532986
-0.532986
-0.529106
-0.525420
-0.525420
-0.523141
-0.523141
-0.521986
-0.521986
-0.513073
-0.513073
-0.501599
-0.501599
-0.493825
-0.484342
-0.484342
-0.483242
-0.483242
-0.477566
-0.477566
-0.469307
-0.469307
-0.454196
-0.454196
-0.453776
-0.453776
-0.448500
-0.448500
-0.445655
-0.441623
-0.441623
-0.440014
-0.440014
-0.438935
-0.438935
-0.437373
-0.422908
-0.422908
-0.420121
-0.420121
-0.409241
-0.409241
-0.394263
-0.394263
-0.390275
-0.390275
-0.389162
-0.389162
-0.386172
-0.386172
-0.370484
-0.370484
-0.363347
-0.356563
-0.356563
-0.355382
-0.355382
-0.350629
-0.350629
-0.348824
-0.347718
-0.344002
-0.344002
-0.334904
-0.334904
-0.332582
-0.332582
-0.318662
-0.318662
-0.304884
-0.304884
-0.298735
-0.298735
-0.298614
-0.298613
-0.282531
-0.282531
-0.280296
-0.280296
-0.273162
-0.273161
-0.272633
-0.272633
-0.271549
-0.271549
-0.268639
-0.268638
-0.267458
-0.267458
-0.264002
-0.264002
-0.263021
-0.263021
-0.260663
-0.259987
-0.259987
-0.259801
-0.259027
-0.259027
-0.255733
-0.253169
-0.253169
-0.248323
-0.246609
-0.246609
-0.221267
-0.212475
-0.212475
-0.190740
-0.190739
-0.187819
-0.187819
-0.185760
-0.185760
-0.179500
-0.179500
-0.175734
-0.175734
-0.172186
-0.171137
-0.171137
-0.170299
-0.167311
-0.166504
-0.166504
-0.152084
-0.122869
-0.122869
-0.111120
-0.093648
-0.091891
-0.091891
-0.089590
-0.089590
-0.086256
-0.086256
-0.086251
-0.086251
-0.077351
-0.077351
-0.075929
-0.065797
-0.065797
-0.059000
-0.059000
-0.054454
-0.054454
-0.052450
-0.052450
-0.051711
-0.051711
-0.040841
-0.040841
-0.032323
-0.032323
-0.029257
-0.027025
-0.027025
-0.023960
-0.023960
-0.015495
-0.015495
-0.005335
-0.005335
0.011044
0.011044
0.012126
0.012126
0.014634
0.014635
0.021680
0.021680
0.025432
0.037293
0.037293
0.042669
0.042669
0.052551
0.052551
0.061347
0.061347
0.064286
0.065065
0.065065
0.078503
0.078503
0.084266
0.084266
0.085562
0.185268
0.186675
0.186676
0.187574
0.187574
0.187618
0.187618
0.188572
0.188572
0.188925
0.188925
0.190228
0.190228
0.190524
0.190524
0.191521
0.191521
0.192078
0.192078
0.192081
0.192145
0.192145
0.192492
0.192492
0.195794
0.195794
0.197070
0.197071
0.197163
0.197163
0.199371
0.199371
0.199800
0.199800
0.200170
0.201045
0.201045
0.202092
0.202092
0.203765
0.203923
0.203923
0.204047
0.204434
0.204434
0.204454
0.208865
0.209151
0.209151
0.209656
0.209656
0.212323
0.212323
0.212878
0.212878
0.214838
0.214838
0.217078
0.217687
0.217687
0.217744
0.217744
0.220512
0.221039
0.221039
0.222391
0.222391
0.223561
0.223561
0.226880
0.228844
0.228844
0.231939
0.231939
0.232424
0.233385
0.233385
0.234960
0.234960
0.238193
0.238193
0.238208
0.239573
0.239573
0.239730
0.239730
0.243537
0.243537
0.243945
0.245313
0.245313
0.245531
0.248450
0.248450
0.248496
0.248496
0.250516
0.250516
0.251452
0.251452
0.254414
0.254414
0.254558
0.255005
0.255005
0.255127
0.255127
0.257700
0.257700
0.259720
0.259720
0.263988
0.263988
0.264251
0.264251
0.265730
0.265730
0.266141
0.266928
0.266928
0.267008
0.267008
0.268231
0.268231
0.270774
0.270774
0.277287
0.277287
0.278699
0.278699
0.278837
0.278837
0.281695
0.281695
0.282333
0.282333
0.282427
0.282427
0.283825
0.283825
0.285655
0.286919
0.286919
0.289698
0.290634
0.290634
0.294627
0.294627
0.295948
0.295948
0.297503
0.297503
0.302192
0.302192
0.304073
0.304073
0.308903
0.308903
0.309757
0.309757
0.309901
0.309901
0.310094
0.310094
0.311891
0.312361
0.319173
0.319173
0.320014
0.320014
0.325838
0.325838
0.326294
0.326294
0.328139
0.328448
