-1.575770
-1.575534
-1.575141
-1.574589
-1.573879
-1.573009
-1.571978
-1.570786
-1.569430
-1.568053
-1.568053
-1.567909
-1.567813
-1.567813
-1.567414
-1.567414
-1.566854
-1.566854
-1.566223
-1.566133
-1.566133
-1.565250
-1.565250
-1.564367
-1.564205
-1.564205
-1.562995
-1.562995
-1.562342
-1.561620
-1.561620
-1.560144
-1.560079
-1.560079
-1.558368
-1.558368
-1.557772
-1.556488
-1.556488
-1.555222
-1.554436
-1.554436
-1.552494
-1.552209
-1.552209
-1.549807
-1.549807
-1.549583
-1.547226
-1.547226
-1.546489
-1.544527
-1.544527
-1.544464
-1.544464
-1.544278
-1.544278
-1.543862
-1.543862
-1.543279
-1.543279
-1.543207
-1.542529
-1.542529
-1.541611
-1.541611
-1.541520
-1.541520
-1.540524
-1.540524
-1.539736
-1.539266
-1.539266
-1.538390
-1.538390
-1.537838
-1.537838
-1.536237
-1.536237
-1.536072
-1.535071
-1.535071
-1.534463
-1.534463
-1.532513
-1.532513
-1.532214
-1.531563
-1.531563
-1.530386
-1.530386
-1.528158
-1.528081
-1.528080
-1.527861
-1.527861
-1.525595
-1.525595
-1.523964
-1.523964
-1.523901
-1.522926
-1.522926
-1.520074
-1.520073
-1.519869
-1.519869
-1.519442
-1.517034
-1.517034
-1.515574
-1.515574
-1.514778
-1.513807
-1.513807
-1.511075
-1.511075
-1.510389
-1.510389
-1.509906
-1.506778
-1.506778
-1.506371
-1.506371
-1.504823
-1.504235
-1.504235
-1.503972
-1.503972
-1.503533
-1.503533
-1.502972
-1.502972
-1.502918
-1.502918
-1.502127
-1.502127
-1.501459
-1.501459
-1.501159
-1.501159
-1.500013
-1.500013
-1.499528
-1.498970
-1.498970
-1.498689
-1.498689
-1.497186
-1.497186
-1.496338
-1.496338
-1.495502
-1.495502
-1.494768
-1.494768
-1.494018
-1.493638
-1.493638
-1.491590
-1.491590
-1.491004
-1.491004
-1.490365
-1.490365
-1.489360
-1.489360
-1.488291
-1.486944
-1.486944
-1.485759
-1.485759
-1.485456
-1.485456
-1.484342
-1.484342
-1.482346
-1.481552
-1.481552
-1.480948
-1.480948
-1.479692
-1.479692
-1.478574
-1.478574
-1.476181
-1.475929
-1.475929
-1.475404
-1.475404
-1.473710
-1.473710
-1.472042
-1.472042
-1.470702
-1.470702
-1.469793
-1.468487
-1.468487
-1.467509
-1.467509
-1.465264
-1.465264
-1.464736
-1.464736
-1.463182
-1.461087
-1.461087
-1.460789
-1.460789
-1.459614
-1.459614
-1.456643
-1.456643
-1.456347
-1.454443
-1.454443
-1.453750
-1.453750
-1.452297
-1.452297
-1.449286
-1.447750
-1.447750
-1.447671
-1.447671
-1.447576
-1.447576
-1.446109
-1.446109
-1.445832
-1.445831
-1.445369
-1.445369
-1.444721
-1.444721
-1.443887
-1.443887
-1.443001
-1.443001
-1.442868
-1.442867
-1.442000
-1.441662
-1.441661
-1.441375
-1.441375
-1.440485
-1.440485
-1.440269
-1.440269
-1.438689
-1.438688
-1.438047
-1.438047
-1.436921
-1.436920
-1.434964
-1.434964
-1.434863
-1.434863
-1.434486
-1.433169
-1.433169
-1.432888
-1.432888
-1.432818
-1.432818
-1.430482
-1.430482
-1.428132
-1.428132
-1.427955
-1.427955
-1.427523
-1.427523
-1.426746
-1.425629
-1.425629
-1.425236
-1.425236
-1.422325
-1.422325
-1.421950
-1.421950
-1.421183
-1.421183
-1.419221
-1.419221
-1.418779
-1.417864
-1.417864
-1.416169
-1.416169
-1.415922
-1.415922
-1.414014
-1.414014
-1.412428
-1.412428
-1.410586
-1.410179
-1.410179
-1.409874
-1.409874
-1.408738
-1.408738
-1.406626
-1.406626
-1.404852
-1.404851
-1.403979
-1.403979
-1.402167
-1.401660
-1.401660
-1.400767
-1.400767
-1.399019
-1.399019
-1.397569
-1.397569
-1.396484
-1.396484
-1.393523
-1.393222
-1.393222
-1.392002
-1.392002
-1.391193
-1.391193
-1.390949
-1.390949
-1.387320
-1.387320
-1.384655
-1.384561
-1.384561
-1.384119
-1.384119
-1.383148
-1.383148
-1.382437
-1.382437
-1.377353
-1.377352
-1.377080
-1.377080
-1.375679
-1.375679
-1.375565
-1.374885
-1.374885
-1.372067
-1.372066
-1.369843
-1.369843
-1.369646
-1.369646
-1.369359
-1.369359
-1.368875
-1.368875
-1.368205
-1.368205
-1.367336
-1.367336
-1.366578
-1.366578
-1.366578
-1.366578
-1.366406
-1.366406
-1.366282
-1.366282
-1.366254
-1.365026
-1.365026
-1.363601
-1.363601
-1.362367
-1.362367
-1.361946
-1.361946
-1.360888
-1.360887
-1.360100
-1.360100
-1.358100
-1.358100
-1.357711
-1.357711
-1.357258
-1.357258
-1.356725
-1.355868
-1.355868
-1.354994
-1.354994
-1.354734
-1.354734
-1.353409
-1.353409
-1.350865
-1.350865
-1.348897
-1.348897
-1.348803
-1.348803
-1.348045
-1.348045
-1.347723
-1.347723
-1.346981
-1.346846
-1.346846
-1.344998
-1.344998
-1.342598
-1.342598
-1.341894
-1.341894
-1.339683
-1.339683
-1.338705
-1.338705
-1.338476
-1.338476
-1.337975
-1.337975
-1.337023
-1.336096
-1.336096
-1.334861
-1.334861
-1.331311
-1.331311
-1.330354
-1.330354
-1.330213
-1.330213
-1.329391
-1.329391
-1.328016
-1.328016
-1.327169
-1.327169
-1.326855
-1.322967
-1.322967
-1.322485
-1.322485
-1.321930
-1.321930
-1.320818
-1.320818
-1.318544
-1.318544
-1.317850
-1.317850
-1.316481
-1.315377
-1.315377
-1.314303
-1.314303
-1.312929
-1.312929
-1.311078
-1.311078
-1.309340
-1.309340
-1.308069
-1.308069
-1.307481
-1.307481
-1.305904
-1.304342
-1.304342
-1.304264
-1.304264
-1.301140
-1.301140
-1.300562
-1.300562
-1.299139
-1.299139
-1.296912
-1.296912
-1.295406
-1.295406
-1.295129
-1.293574
-1.293574
-1.292857
-1.292857
-1.291007
-1.291007
-1.288490
-1.288490
-1.286147
-1.286147
-1.285670
-1.285670
-1.284955
-1.284955
-1.284159
-1.282637
-1.282637
-1.280690
-1.280689
-1.276859
-1.276859
-1.276652
-1.276652
-1.276333
-1.276333
-1.275626
-1.275626
-1.275333
-1.275333
-1.275192
-1.275192
-1.274847
-1.274847
-1.274162
-1.274162
-1.273290
-1.273290
-1.273000
-1.272211
-1.272211
-1.270990
-1.270989
-1.270461
-1.270461
-1.270156
-1.270156
-1.269484
-1.269484
-1.268570
-1.268569
-1.267804
-1.267804
-1.266853
-1.266853
-1.265985
-1.265985
-1.264050
-1.264050
-1.263965
-1.263965
-1.263924
-1.263924
-1.261742
-1.261742
-1.261658
-1.260090
-1.260090
-1.259460
-1.259460
-1.259267
-1.259266
-1.258247
-1.258247
-1.256593
-1.256593
-1.256208
-1.256208
-1.253853
-1.253853
-1.252728
-1.252728
-1.251423
-1.251423
-1.251195
-1.251195
-1.250810
-1.250809
-1.250137
-1.248742
-1.248742
-1.247420
-1.247420
-1.246531
-1.246531
-1.244255
-1.244255
-1.244207
-1.244207
-1.242572
-1.242571
-1.241230
-1.241230
-1.240628
-1.240628
-1.238443
-1.237809
-1.237809
-1.237059
-1.237059
-1.236530
-1.236530
-1.236446
-1.236446
-1.233539
-1.233539
-1.232954
-1.232954
-1.229706
-1.229706
-1.229564
-1.229564
-1.228745
-1.228745
-1.226583
-1.226407
-1.226407
-1.226240
-1.226240
-1.224329
-1.224329
-1.224207
-1.224207
-1.222080
-1.222080
-1.219984
-1.219984
-1.217736
-1.217736
-1.216285
-1.216285
-1.215187
-1.215187
-1.214947
-1.214947
-1.214821
-1.214821
-1.214564
-1.213846
-1.213846
-1.210178
-1.210178
-1.207469
-1.207469
-1.205753
-1.205753
-1.205495
-1.205495
-1.205398
-1.205398
-1.204134
-1.204134
-1.202954
-1.202954
-1.202393
-1.199989
-1.199989
-1.199211
-1.199211
-1.195688
-1.195688
-1.194447
-1.194447
-1.193624
-1.193624
-1.193539
-1.193539
-1.191709
-1.191709
-1.190922
-1.190922
-1.190077
-1.188571
-1.188571
-1.185825
-1.185825
-1.183286
-1.183286
-1.182676
-1.182676
-1.182488
-1.182488
-1.181360
-1.181360
-1.179402
-1.179402
-1.177623
-1.177100
-1.177100
-1.175818
-1.175817
-1.173875
-1.173875
-1.171693
-1.171693
-1.170815
-1.170815
-1.168990
-1.168990
-1.167840
-1.167840
-1.166833
-1.166833
-1.166542
-1.166542
-1.166061
-1.166061
-1.165677
-1.165677
-1.165379
-1.165379
-1.165050
-1.165050
-1.165042
-1.164517
-1.164517
-1.164189
-1.164188
-1.163448
-1.163448
-1.162209
-1.162209
-1.160753
-1.160753
-1.160705
-1.160705
-1.159157
-1.159157
-1.158429
-1.158429
-1.157300
-1.157300
-1.156533
-1.156533
-1.155941
-1.155941
-1.155419
-1.155418
-1.155185
-1.155185
-1.155018
-1.155018
-1.153102
-1.153102
-1.152341
-1.151416
-1.151416
-1.150681
-1.150681
-1.149944
-1.149944
-1.148184
-1.148184
-1.146344
-1.146344
-1.145380
-1.145380
-1.145061
-1.145061
-1.144407
-1.144407
-1.143926
-1.143926
-1.143224
-1.143224
-1.142262
-1.142262
-1.139743
-1.139743
-1.139531
-1.139359
-1.139359
-1.137167
-1.137167
-1.136007
-1.136007
-1.135960
-1.135960
-1.134634
-1.134633
-1.132786
-1.132786
-1.131812
-1.131812
-1.130789
-1.130789
-1.130006
-1.130006
-1.129080
-1.129080
-1.128930
-1.128930
-1.126622
-1.125022
-1.125022
-1.124933
-1.124933
-1.124177
-1.124177
-1.123173
-1.123173
-1.121256
-1.121256
-1.120406
-1.120406
-1.117984
-1.117984
-1.117954
-1.117954
-1.116933
-1.116933
-1.115383
-1.115383
-1.113759
-1.113759
-1.113652
-1.113652
-1.113626
-1.112484
-1.112484
-1.110807
-1.110807
-1.108286
-1.108286
-1.107511
-1.107511
-1.105828
-1.105828
-1.104938
-1.104938
-1.103495
-1.103495
-1.103420
-1.103420
-1.102356
-1.102356
-1.101185
-1.101185
-1.100556
-1.099396
-1.099395
-1.098464
-1.098464
-1.094089
-1.094089
-1.093998
-1.093998
-1.093611
-1.093611
-1.091590
-1.091590
-1.091572
-1.091572
-1.091251
-1.091251
-1.090570
-1.090570
-1.088450
-1.088450
-1.087429
-1.084585
-1.084584
-1.084292
-1.084292
-1.083007
-1.083007
-1.082064
-1.082064
-1.080646
-1.080646
-1.079608
-1.079608
-1.079398
-1.079398
-1.077518
-1.077518
-1.077002
-1.077002
-1.075571
-1.075571
-1.074276
-1.072915
-1.072915
-1.072104
-1.072104
-1.071142
-1.071142
-1.067480
-1.067480
-1.066909
-1.066909
-1.066524
-1.066181
-1.066157
-1.066157
-1.065677
-1.065677
-1.065617
-1.064949
-1.064949
-1.064813
-1.063958
-1.063958
-1.063817
-1.062541
-1.061452
-1.060734
-1.060019
-1.060019
-1.059376
-1.058109
-1.058109
-1.057397
-1.055414
-1.055414
-1.055338
-1.054718
-1.054718
-1.053477
-1.053477
-1.052925
-1.051812
-1.051812
-1.050514
-1.049014
-1.049014
-1.047989
-1.047989
-1.047787
-1.047585
-1.044430
-1.044158
-1.044158
-1.043214
-1.043214
-1.042967
-1.042967
-1.041441
-1.041441
-1.041430
-1.039301
-1.039301
-1.039259
-1.039259
-1.037906
-1.035246
-1.034613
-1.034613
-1.034423
-1.034423
-1.033527
-1.030534
-1.028884
-1.028883
-1.028835
-1.028835
-1.026376
-1.026305
-1.026305
-1.025244
-1.025244
-1.022833
-1.021698
-1.021697
-1.021580
-1.021580
-1.020593
-1.019930
-1.019778
-1.019524
-1.019168
-1.018709
-1.018147
-1.017873
-1.017482
-1.016711
-1.016334
-1.016334
-1.015917
-1.015917
-1.015836
-1.014853
-1.014443
-1.014443
-1.013785
-1.013785
-1.013763
-1.013113
-1.012714
-1.012714
-1.012621
-1.012621
-1.012563
-1.012227
-1.012227
-1.011909
-1.011909
-1.011253
-1.009831
-1.009323
-1.008296
-1.007263
-1.007263
-1.007064
-1.007064
-1.007011
-1.006645
-1.006192
-1.006192
-1.004878
-1.003569
-1.003403
-1.003403
-1.002992
-1.001185
-1.001185
-1.000986
-0.998858
-0.998259
-0.998110
-0.998110
-0.997094
-0.997093
-0.997092
-0.997092
-0.996605
-0.996484
-0.996484
-0.995297
-0.994756
-0.994756
-0.994227
-0.993042
-0.993042
-0.992621
-0.992621
-0.992372
-0.991721
-0.989687
-0.989687
-0.989086
-0.987809
-0.987096
-0.987096
-0.986319
-0.986117
-0.986117
-0.985798
-0.985798
-0.985336
-0.985336
-0.984706
-0.984706
-0.983419
-0.981971
-0.981678
-0.980932
-0.980932
-0.980777
-0.980777
-0.980383
-0.977542
-0.977542
-0.977210
-0.976561
-0.976561
-0.975959
-0.974667
-0.974667
-0.973899
-0.973283
-0.973283
-0.973202
-0.973202
-0.971122
-0.970751
-0.970751
-0.970446
-0.969589
-0.969589
-0.968806
-0.968806
-0.968058
-0.966852
-0.965673
-0.965673
-0.964493
-0.963817
-0.963817
-0.963114
-0.962911
-0.962911
-0.962479
-0.962479
-0.959231
-0.959102
-0.959102
-0.958193
-0.957812
-0.957812
-0.956483
-0.956438
-0.956438
-0.955201
-0.954535
-0.954535
-0.954150
-0.954150
-0.952245
-0.952245
-0.951710
-0.951024
-0.950945
-0.950945
-0.946697
-0.946584
-0.946571
-0.946571
-0.946042
-0.946042
-0.945759
-0.945759
-0.943926
-0.943926
-0.943545
-0.943205
-0.943205
-0.942220
-0.941986
-0.941986
-0.939785
-0.938825
-0.938825
-0.937593
-0.937240
-0.937240
-0.933896
-0.933896
-0.933849
-0.933849
-0.933440
-0.933062
-0.932813
-0.931719
-0.931719
-0.931617
-0.931616
-0.931330
-0.931330
-0.928371
-0.928371
-0.927881
-0.927281
-0.926591
-0.926590
-0.923665
-0.922796
-0.922736
-0.922736
-0.921306
-0.921121
-0.921121
-0.921117
-0.921117
-0.920103
-0.920103
-0.918690
-0.918690
-0.918509
-0.918509
-0.917558
-0.917017
-0.915322
-0.914270
-0.914270
-0.913218
-0.913218
-0.913150
-0.913150
-0.912935
-0.912935
-0.912750
-0.912648
-0.912648
-0.912179
-0.912179
-0.912167
-0.911644
-0.911644
-0.911177
-0.910922
-0.910922
-0.910494
-0.910493
-0.910485
-0.910140
-0.910140
-0.909163
-0.909163
-0.908459
-0.908459
-0.908374
-0.908374
-0.908145
-0.908145
-0.907301
-0.907301
-0.906890
-0.906890
-0.906621
-0.906036
-0.906036
-0.905714
-0.905714
-0.904135
-0.904135
-0.904036
-0.904036
-0.902380
-0.902380
-0.901885
-0.901885
-0.900923
-0.900885
-0.900885
-0.899723
-0.899723
-0.898971
-0.898971
-0.897232
-0.897232
-0.896547
-0.896547
-0.895942
-0.895942
-0.895839
-0.895839
-0.895072
-0.894901
-0.894901
-0.894875
-0.894875
-0.893393
-0.893393
-0.892543
-0.892543
-0.890510
-0.890510
-0.889454
-0.889453
-0.889068
-0.888791
-0.888791
-0.887964
-0.887964
-0.886320
-0.886320
-0.884681
-0.884681
-0.884659
-0.884659
-0.884634
-0.884634
-0.883638
-0.883637
-0.882912
-0.882696
-0.882696
-0.880782
-0.880782
-0.879847
-0.879847
-0.877672
-0.877672
-0.877647
-0.877647
-0.876992
-0.876992
-0.876606
-0.875716
-0.875716
-0.874581
-0.874581
-0.873592
-0.873592
-0.872645
-0.872645
-0.871609
-0.871609
-0.870818
-0.870818
-0.870150
-0.868472
-0.868472
-0.868221
-0.868221
-0.866345
-0.866345
-0.866308
-0.866308
-0.865072
-0.865072
-0.864514
-0.864514
-0.864107
-0.864107
-0.863545
-0.861192
-0.861192
-0.860592
-0.860592
-0.859877
-0.859877
-0.859144
-0.859144
-0.856793
-0.856777
-0.856777
-0.856285
-0.856285
-0.855727
-0.855727
-0.855097
-0.855097
-0.854837
-0.854837
-0.854300
-0.854019
-0.852034
-0.852033
-0.851799
-0.851799
-0.850542
-0.850542
-0.850293
-0.849896
-0.849802
-0.849802
-0.849211
-0.848489
-0.848489
-0.848403
-0.848403
-0.848345
-0.848345
-0.847110
-0.847110
-0.846184
-0.846184
-0.845503
-0.845503
-0.844316
-0.843311
-0.843311
-0.843244
-0.843244
-0.842880
-0.842880
-0.842856
-0.842393
-0.839563
-0.839563
-0.837121
-0.837121
-0.836701
-0.836350
-0.836350
-0.836054
-0.836054
-0.835674
-0.834700
-0.831699
-0.831699
-0.830986
-0.830986
-0.828353
-0.827650
-0.827428
-0.827428
-0.827116
-0.827116
-0.826673
-0.825996
-0.825996
-0.824194
-0.824194
-0.820896
-0.820326
-0.820326
-0.818761
-0.818761
-0.818392
-0.818263
-0.818263
-0.817621
-0.815044
-0.815044
-0.814704
-0.814704
-0.813304
-0.812040
-0.812040
-0.809789
-0.809229
-0.809229
-0.808865
-0.808865
-0.807243
-0.806647
-0.806647
-0.805581
-0.804354
-0.804354
-0.802340
-0.802340
-0.800701
-0.799910
-0.799910
-0.799342
-0.799342
-0.798494
-0.798494
-0.797731
-0.797113
-0.794658
-0.794658
-0.794122
-0.794122
-0.790877
-0.790038
-0.790037
-0.789802
-0.789802
-0.789755
-0.788239
-0.788239
-0.787825
-0.787825
-0.787494
-0.786531
-0.786531
-0.786444
-0.786444
-0.785771
-0.785771
-0.785632
-0.785632
-0.785422
-0.785422
-0.785086
-0.785086
-0.784849
-0.784849
-0.784549
-0.784548
-0.784183
-0.784183
-0.783966
-0.783966
-0.783680
-0.783680
-0.783580
-0.783580
-0.782929
-0.782929
-0.782810
-0.782810
-0.782186
-0.782186
-0.781658
-0.781337
-0.781337
-0.780719
-0.780719
-0.780494
-0.780494
-0.780281
-0.779649
-0.779649
-0.779424
-0.779424
-0.779200
-0.779200
-0.778891
-0.778891
-0.778206
-0.777877
-0.777877
-0.777809
-0.777809
-0.777240
-0.777240
-0.776202
-0.776202
-0.775807
-0.775807
-0.775781
-0.775781
-0.775138
-0.775138
-0.774684
-0.774684
-0.773743
-0.773743
-0.773444
-0.773198
-0.773198
-0.772096
-0.772096
-0.771126
-0.771126
-0.770664
-0.770664
-0.770395
-0.770395
-0.769897
-0.769897
-0.769448
-0.769448
-0.769311
-0.769311
-0.769252
-0.769016
-0.768307
-0.768307
-0.767473
-0.767473
-0.766888
-0.766888
-0.765857
-0.765857
-0.765668
-0.765667
-0.765115
-0.764668
-0.764668
-0.764083
-0.764083
-0.763877
-0.763877
-0.762980
-0.762980
-0.762678
-0.762678
-0.762545
-0.762545
-0.762347
-0.762347
-0.761995
-0.761995
-0.760722
-0.760722
-0.760518
-0.760518
-0.759967
-0.759967
-0.759835
-0.759835
-0.759777
-0.759638
-0.759638
-0.759237
-0.759237
-0.758175
-0.758175
-0.758165
-0.756677
-0.755355
-0.755355
-0.754223
-0.754223
-0.753628
-0.753628
-0.752055
-0.752055
-0.751163
-0.751163
-0.750376
-0.750299
-0.750299
-0.748539
-0.748539
-0.748385
-0.748385
-0.748133
-0.747305
-0.745441
-0.745441
-0.741706
-0.741706
-0.741519
-0.741519
-0.741087
-0.741087
-0.741044
-0.741044
-0.740685
-0.740365
-0.740365
-0.739488
-0.737417
-0.737417
-0.737181
-0.737181
-0.736878
-0.732490
-0.732490
-0.732223
-0.732223
-0.731037
-0.731037
-0.730746
-0.730590
-0.729917
-0.729917
-0.728840
-0.728840
-0.728740
-0.728740
-0.726915
-0.726791
-0.726791
-0.724715
-0.724715
-0.722685
-0.722685
-0.721912
-0.720279
-0.720279
-0.720118
-0.719465
-0.719465
-0.718278
-0.718278
-0.717534
-0.717534
-0.717277
-0.717016
-0.717016
-0.716572
-0.716572
-0.713483
-0.713483
-0.712991
-0.709873
-0.709873
-0.709454
-0.709454
-0.709454
-0.708672
-0.708672
-0.707815
-0.706822
-0.706822
-0.706807
-0.706807
-0.706560
-0.706560
-0.705036
-0.705036
-0.703987
-0.700496
-0.700496
-0.699395
-0.699395
-0.698783
-0.698762
-0.698762
-0.698434
-0.697577
-0.697577
-0.696696
-0.696696
-0.696168
-0.696168
-0.695526
-0.695526
-0.694907
-0.694887
-0.694887
-0.694882
-0.694882
-0.693569
-0.693569
-0.693371
-0.693371
-0.691781
-0.691781
-0.691438
-0.691438
-0.691367
-0.691367
-0.689754
-0.689754
-0.689085
-0.688797
-0.688797
-0.688622
-0.688622
-0.688230
-0.688044
-0.688044
-0.687878
-0.687878
-0.687704
-0.687704
-0.686858
-0.686858
-0.685756
-0.684865
-0.684865
-0.684456
-0.684456
-0.684266
-0.684266
-0.683515
-0.683515
-0.680994
-0.680994
-0.680375
-0.680375
-0.680358
-0.680358
-0.680047
-0.680047
-0.679740
-0.679120
-0.679120
-0.678104
-0.678104
-0.677867
-0.677800
-0.677800
-0.676577
-0.676577
-0.676539
-0.675108
-0.675108
-0.674115
-0.674115
-0.673623
-0.673623
-0.672817
-0.672817
-0.672768
-0.672768
-0.671514
-0.671514
-0.671251
-0.671251
-0.671221
-0.671221
-0.670390
-0.668345
-0.668345
-0.667736
-0.667555
-0.667555
-0.667261
-0.667246
-0.667246
-0.667049
-0.667049
-0.666231
-0.666231
-0.666160
-0.666160
-0.663954
-0.663954
-0.663906
-0.663906
-0.663881
-0.663881
-0.663744
-0.663744
-0.663657
-0.663657
-0.663518
-0.663518
-0.663436
-0.663436
-0.663394
-0.663394
-0.663241
-0.663241
-0.663073
-0.663073
-0.663056
-0.663056
-0.662998
-0.662998
-0.662735
-0.662735
-0.662459
-0.662459
-0.662127
-0.662127
-0.661896
-0.661896
-0.661472
-0.661472
-0.661470
-0.661470
-0.661187
-0.661187
-0.661107
-0.661107
-0.661035
-0.661034
-0.661034
-0.660797
-0.660797
-0.660554
-0.660554
-0.660277
-0.660277
-0.660265
-0.660265
-0.660257
-0.660257
-0.660172
-0.660172
-0.660051
-0.660051
-0.659976
-0.659976
-0.658783
-0.658783
-0.657929
-0.657852
-0.656991
-0.656991
-0.655585
-0.655585
-0.654597
-0.654597
-0.654373
-0.654373
-0.654246
-0.654246
-0.653362
-0.653362
-0.652788
-0.652788
-0.651694
-0.649752
-0.649752
-0.648929
-0.648929
-0.648905
-0.648905
-0.648548
-0.648209
-0.647693
-0.647693
-0.645651
-0.645651
-0.645166
-0.645166
-0.643829
-0.643829
-0.642857
-0.642857
-0.642663
-0.642663
-0.642401
-0.642113
-0.642113
-0.641263
-0.641263
-0.639125
-0.638789
-0.638543
-0.638543
-0.637284
-0.637284
-0.636189
-0.636189
-0.635939
-0.635939
-0.635268
-0.635268
-0.633307
-0.633306
-0.633202
-0.633043
-0.633043
-0.632999
-0.632999
-0.630149
-0.630149
-0.629824
-0.629824
-0.629666
-0.629628
-0.629628
-0.629570
-0.626551
-0.626551
-0.625241
-0.625241
-0.625238
-0.625238
-0.624749
-0.624749
-0.624188
-0.624188
-0.624144
-0.622987
-0.622987
-0.622610
-0.622277
-0.621830
-0.621830
-0.621723
-0.620947
-0.620918
-0.620918
-0.620543
-0.620178
-0.619947
-0.618738
-0.618473
-0.618473
-0.617305
-0.617061
-0.617061
-0.616461
-0.616461
-0.616324
-0.616324
-0.615660
-0.615560
-0.615560
-0.615374
-0.615374
-0.615269
-0.613795
-0.613204
-0.613204
-0.613196
-0.613196
-0.612869
-0.612869
-0.612332
-0.612332
-0.612238
-0.612238
-0.611813
-0.611596
-0.611563
-0.611563
-0.611077
-0.611077
-0.610666
-0.610586
-0.610586
-0.609441
-0.609394
-0.609394
-0.609351
-0.609351
-0.608200
-0.608200
-0.608003
-0.608003
-0.607970
-0.607970
-0.607488
-0.607488
-0.606958
-0.606593
-0.606371
-0.606371
-0.606141
-0.606141
-0.606073
-0.606073
-0.604542
-0.604542
-0.604273
-0.604054
-0.604054
-0.604030
-0.604030
-0.603445
-0.603445
-0.603425
-0.603425
-0.603400
-0.603400
-0.603347
-0.603347
-0.603019
-0.602507
-0.602507
-0.602477
-0.602477
-0.602416
-0.602416
-0.601363
-0.601239
-0.601239
-0.601138
-0.601134
-0.601134
-0.600854
-0.600854
-0.600274
-0.600274
-0.600039
-0.600039
-0.599998
-0.599998
-0.599663
-0.599663
-0.599543
-0.599543
-0.599497
-0.599497
-0.599459
-0.599459
-0.598291
-0.598132
-0.597820
-0.597820
-0.597748
-0.597748
-0.597232
-0.597232
-0.596164
-0.596164
-0.596001
-0.596001
-0.595191
-0.595191
-0.595059
-0.594987
-0.594987
-0.594883
-0.594883
-0.594547
-0.594091
-0.594091
-0.593454
-0.593454
-0.593281
-0.593281
-0.592687
-0.592687
-0.592383
-0.592383
-0.592354
-0.592354
-0.591977
-0.591977
-0.591722
-0.591722
-0.591600
-0.591514
-0.591415
-0.591415
-0.590135
-0.590135
-0.589918
-0.589529
-0.589529
-0.589309
-0.589309
-0.588531
-0.588531
-0.587988
-0.587988
-0.587844
-0.587269
-0.587269
-0.586951
-0.586951
-0.586676
-0.586676
-0.586539
-0.586301
-0.586301
-0.586109
-0.586109
-0.585993
-0.585993
-0.585482
-0.585482
-0.584782
-0.584782
-0.584763
-0.584763
-0.584699
-0.584699
-0.584493
-0.584493
-0.584027
-0.584027
-0.583987
-0.583836
-0.583836
-0.583676
-0.583676
-0.583606
-0.583606
-0.583334
-0.583334
-0.582723
-0.582723
-0.582680
-0.582680
-0.582059
-0.582036
-0.582036
-0.581837
-0.581398
-0.581398
-0.580915
-0.580915
-0.580854
-0.580854
-0.580370
-0.580370
-0.580353
-0.580353
-0.580028
-0.579881
-0.579881
-0.579111
-0.579111
-0.578807
-0.578166
-0.578166
-0.577583
-0.577582
-0.577281
-0.577281
-0.576890
-0.576890
-0.576597
-0.576597
-0.576322
-0.576322
-0.576102
-0.576102
-0.575998
-0.575998
-0.575897
-0.575897
-0.575803
-0.575350
-0.575350
-0.574973
-0.574973
-0.574181
-0.574181
-0.574097
-0.574097
-0.573876
-0.573876
-0.573847
-0.573679
-0.573679
-0.573569
-0.573569
-0.573026
-0.573026
-0.572523
-0.571872
-0.571872
-0.571670
-0.571439
-0.571439
-0.571436
-0.570853
-0.570853
-0.570060
-0.570060
-0.569683
-0.569683
-0.569418
-0.569418
-0.569042
-0.569042
-0.568430
-0.568430
-0.568291
-0.568291
-0.568201
-0.568201
-0.567870
-0.567870
-0.567301
-0.567301
-0.567169
-0.567169
-0.567076
-0.567076
-0.566929
-0.566705
-0.566705
-0.566518
-0.566518
-0.566059
-0.566059
-0.565881
-0.565761
-0.565761
-0.565181
-0.565181
-0.565041
-0.565030
-0.565030
-0.563944
-0.563944
-0.563887
-0.563887
-0.563106
-0.563106
-0.563023
-0.563022
-0.562998
-0.562914
-0.562914
-0.562626
-0.562626
-0.562380
-0.562379
-0.562243
-0.561912
-0.561912
-0.561582
-0.561582
-0.561359
-0.561359
-0.561300
-0.561300
-0.561219
-0.561218
-0.561175
-0.561175
-0.561174
-0.561174
-0.561164
-0.561164
-0.561140
-0.561140
-0.561137
-0.561137
-0.561107
-0.561107
-0.561099
-0.561098
-0.561076
-0.561076
-0.561074
-0.561074
-0.560906
-0.560906
-0.560660
-0.560660
-0.560526
-0.560526
-0.560283
-0.560283
-0.558925
-0.558730
-0.558730
-0.558697
-0.558697
-0.558398
-0.558398
-0.558030
-0.557825
-0.557825
-0.557415
-0.557096
-0.557096
-0.557031
-0.557031
-0.556520
-0.556520
-0.555086
-0.555086
-0.554990
-0.554990
-0.554664
-0.554664
-0.554624
-0.554624
-0.554225
-0.554225
-0.554149
-0.554149
-0.553492
-0.553244
-0.553190
-0.553190
-0.552636
-0.552636
-0.552453
-0.552417
-0.552417
-0.551147
-0.551147
-0.550993
-0.550993
-0.550686
-0.550686
-0.550610
-0.550419
-0.550419
-0.549468
-0.549468
-0.549111
-0.549111
-0.548986
-0.548986
-0.548692
-0.548692
-0.548436
-0.548436
-0.548316
-0.548316
-0.548014
-0.548014
-0.547669
-0.547582
-0.547581
-0.547420
-0.547420
-0.547392
-0.547392
-0.547375
-0.547260
-0.547260
-0.546674
-0.546674
-0.545749
-0.545749
-0.545458
-0.545458
-0.545351
-0.545351
-0.544794
-0.544683
-0.544683
-0.544666
-0.544666
-0.544647
-0.544647
-0.544485
-0.544485
-0.544013
-0.543934
-0.543934
-0.543480
-0.543480
-0.543449
-0.543449
-0.542974
-0.542974
-0.542257
-0.542257
-0.542215
-0.542047
-0.542047
-0.541735
-0.541735
-0.541086
-0.541008
-0.541008
-0.540585
-0.540585
-0.540488
-0.540487
-0.540466
-0.540118
-0.540118
-0.539817
-0.539817
-0.539638
-0.539638
-0.539534
-0.539534
-0.538935
-0.538935
-0.538523
-0.538523
-0.537940
-0.537940
-0.537130
-0.537130
-0.537064
-0.537064
-0.536944
-0.536944
-0.536917
-0.536837
-0.536306
-0.536305
-0.535512
-0.535512
-0.535413
-0.535413
-0.535209
-0.535209
-0.535029
-0.535029
-0.534904
-0.534904
-0.534596
-0.534567
-0.533755
-0.533755
-0.533457
-0.533457
-0.533390
-0.533390
-0.533071
-0.533071
-0.532886
-0.532873
-0.532872
-0.532720
-0.532720
-0.532540
-0.532540
-0.532425
-0.532425
-0.531797
-0.531703
-0.531703
-0.531445
-0.530641
-0.530641
-0.530006
-0.530006
-0.529949
-0.529949
-0.529792
-0.529786
-0.529786
-0.529609
-0.529609
-0.529134
-0.529134
-0.528549
-0.528290
-0.528290
-0.527859
-0.527858
-0.527819
-0.527819
-0.527717
-0.527514
-0.527514
-0.527488
-0.527488
-0.527189
-0.527189
-0.526979
-0.526979
-0.526702
-0.526702
-0.526674
-0.526674
-0.526020
-0.525944
-0.525944
-0.525812
-0.525812
-0.525784
-0.525784
-0.525670
-0.525558
-0.525558
-0.525555
-0.525555
-0.525525
-0.525524
-0.525515
-0.525515
-0.525469
-0.525469
-0.525453
-0.525453
-0.525420
-0.525420
-0.525388
-0.525388
-0.525377
-0.525377
-0.525305
-0.525305
-0.525266
-0.525266
-0.525206
-0.525206
-0.525165
-0.525165
-0.525163
-0.525081
-0.525081
-0.525040
-0.525040
-0.524983
-0.524983
-0.524981
-0.524981
-0.524976
-0.524976
-0.524928
-0.524928
-0.524849
-0.524849
-0.524790
-0.524790
-0.524729
-0.524729
-0.524708
-0.524708
-0.524643
-0.524643
-0.524591
-0.524590
-0.524536
-0.524536
-0.524493
-0.524492
-0.524451
-0.524451
-0.524434
-0.524434
-0.524420
-0.524420
-0.524393
-0.524393
-0.524375
-0.524375
-0.524363
-0.524363
-0.524353
-0.524353
-0.524322
-0.524322
-0.524065
-0.524065
-0.524040
-0.524040
-0.523874
-0.523873
-0.523586
-0.523585
-0.523245
-0.523245
-0.523062
-0.523062
-0.522932
-0.522932
-0.522473
-0.522473
-0.522439
-0.522439
-0.522181
-0.522181
-0.521893
-0.521893
-0.521417
-0.521417
-0.521138
-0.521138
-0.520952
-0.520952
-0.520480
-0.520422
-0.520422
-0.520205
-0.520205
-0.520131
-0.520131
-0.520114
-0.520114
-0.519510
-0.519510
-0.519136
-0.519136
-0.518751
-0.518751
-0.518525
-0.518525
-0.518369
-0.518100
-0.518099
-0.517243
-0.517243
-0.517065
-0.517065
-0.516541
-0.516540
-0.516121
-0.516121
-0.515809
-0.515232
-0.515232
-0.514892
-0.514706
-0.514706
-0.514284
-0.514284
-0.514205
-0.514205
-0.514120
-0.514120
-0.512887
-0.512887
-0.512460
-0.512460
-0.512085
-0.512085
-0.511358
-0.511216
-0.511216
-0.510576
-0.510576
-0.510435
-0.510435
-0.509324
-0.509324
-0.509246
-0.508649
-0.508649
-0.508611
-0.508611
-0.507803
-0.507803
-0.507513
-0.507513
-0.507194
-0.507194
-0.506512
-0.505028
-0.504868
-0.504868
-0.504371
-0.504371
-0.504343
-0.504343
-0.504296
-0.504296
-0.503934
-0.503934
-0.503889
-0.503888
-0.503428
-0.501915
-0.501915
-0.501911
-0.501911
-0.500583
-0.500583
-0.500477
-0.500477
-0.499731
-0.499731
-0.499580
-0.499513
-0.499513
-0.498907
-0.498907
-0.498877
-0.498877
-0.498117
-0.498117
-0.497967
-0.497967
-0.497755
-0.497755
-0.497611
-0.497282
-0.495801
-0.495801
-0.495346
-0.495346
-0.494871
-0.494749
-0.494749
-0.494033
-0.494033
-0.493676
-0.493676
-0.492557
-0.492092
-0.492092
-0.492065
-0.492064
-0.491973
-0.491973
-0.491741
-0.491741
-0.491447
-0.491447
-0.491084
-0.490926
-0.490926
-0.490106
-0.490106
-0.489687
-0.489687
-0.489384
-0.489384
-0.489107
-0.489107
-0.489041
-0.488615
-0.488254
-0.488254
-0.488126
-0.488115
-0.488115
-0.488099
-0.488099
-0.487634
-0.487634
-0.486560
-0.486560
-0.486534
-0.486534
-0.486168
-0.486168
-0.485447
-0.485447
-0.484429
-0.484429
-0.483935
-0.483935
-0.483709
-0.483709
-0.483596
-0.483595
-0.483432
-0.483432
-0.483327
-0.483327
-0.483088
-0.483088
-0.482015
-0.482015
-0.481813
-0.481813
-0.481725
-0.481725
-0.481568
-0.481568
-0.480604
-0.480604
-0.480464
-0.480464
-0.480294
-0.480294
-0.480165
-0.480165
-0.479313
-0.479313
-0.479121
-0.479121
-0.479076
-0.479076
-0.479053
-0.478937
-0.478937
-0.478903
-0.478903
-0.478764
-0.478764
-0.478482
-0.478482
-0.478347
-0.478347
-0.477947
-0.477947
-0.477815
-0.477815
-0.477212
-0.477212
-0.476960
-0.476960
-0.476616
-0.476616
-0.476527
-0.476527
-0.475861
-0.475861
-0.475820
-0.475820
-0.475358
-0.475358
-0.474652
-0.474652
-0.474397
-0.474397
-0.474116
-0.474116
-0.473988
-0.473988
-0.473723
-0.473723
-0.473637
-0.473637
-0.473587
-0.473587
-0.473334
-0.473334
-0.473098
-0.473097
-0.472985
-0.472985
-0.472978
-0.472978
-0.472330
-0.472330
-0.472302
-0.472302
-0.470715
-0.470715
-0.470072
-0.470056
-0.470056
-0.469613
-0.469613
-0.468874
-0.468874
-0.468659
-0.468659
-0.468471
-0.468471
-0.467845
-0.467845
-0.466953
-0.466952
-0.466461
-0.466461
-0.466067
-0.466067
-0.465645
-0.465645
-0.464883
-0.464882
-0.464874
-0.464874
-0.464844
-0.464844
-0.464469
-0.464469
-0.464142
-0.464142
-0.463447
-0.463447
-0.462467
-0.462467
-0.461394
-0.461393
-0.461191
-0.460957
-0.460957
-0.460777
-0.460777
-0.460472
-0.460472
-0.460059
-0.460059
-0.459508
-0.459507
-0.459050
-0.459050
-0.458685
-0.458685
-0.458493
-0.458493
-0.458081
-0.458080
-0.457159
-0.457159
-0.456570
-0.456570
-0.456375
-0.456375
-0.455457
-0.455457
-0.455330
-0.455329
-0.454842
-0.454841
-0.454766
-0.454766
-0.453735
-0.453715
-0.452421
-0.452396
-0.452396
-0.452150
-0.452150
-0.451435
-0.451435
-0.449757
-0.449757
-0.448572
-0.448572
-0.448122
-0.448122
-0.448112
-0.448112
-0.447472
-0.447472
-0.447162
-0.446871
-0.446302
-0.446302
-0.446239
-0.446239
-0.446162
-0.446162
-0.445627
-0.445626
-0.444088
-0.444088
-0.443823
-0.443823
-0.443770
-0.443693
-0.443693
-0.443541
-0.442879
-0.442878
-0.442766
-0.442207
-0.442207
-0.441891
-0.441891
-0.441544
-0.441544
-0.440451
-0.440451
-0.439483
-0.439483
-0.439373
-0.439373
-0.439027
-0.439027
-0.438837
-0.438837
-0.438819
-0.438819
-0.438656
-0.438417
-0.438417
-0.437474
-0.437397
-0.437397
-0.436907
-0.436907
-0.436906
-0.436906
-0.436182
-0.436182
-0.436145
-0.436145
-0.435713
-0.435713
-0.435249
-0.435076
-0.435076
-0.434488
-0.434488
-0.434309
-0.434309
-0.434180
-0.434180
-0.433443
-0.433443
-0.433203
-0.433203
-0.433046
-0.432855
-0.432855
-0.432580
-0.432580
-0.432406
-0.432406
-0.432088
-0.432088
-0.431898
-0.431898
-0.431782
-0.431782
-0.431659
-0.431659
-0.431592
-0.431581
-0.431581
-0.431548
-0.431548
-0.431520
-0.431520
-0.431108
-0.431108
-0.430936
-0.430936
-0.430419
-0.430419
-0.429894
-0.429894
-0.429793
-0.429792
-0.429478
-0.429478
-0.429420
-0.429420
-0.428723
-0.428723
-0.428555
-0.428555
-0.428538
-0.428538
-0.428086
-0.428086
-0.427421
-0.427420
-0.427393
-0.427392
-0.427370
-0.427370
-0.427163
-0.427163
-0.426993
-0.426866
-0.426330
-0.426330
-0.425942
-0.425942
-0.425741
-0.425740
-0.425735
-0.425735
-0.425634
-0.425634
-0.425421
-0.425411
-0.425411
-0.425399
-0.425399
-0.424826
-0.424826
-0.424555
-0.424555
-0.423908
-0.423908
-0.423854
-0.423854
-0.423214
-0.423214
-0.422742
-0.422742
-0.422598
-0.422598
-0.422180
-0.422180
-0.422060
-0.422060
-0.421968
-0.421968
-0.421448
-0.421448
-0.421193
-0.421193
-0.420652
-0.420511
-0.420511
-0.420008
-0.420008
-0.419936
-0.419936
-0.419935
-0.419935
-0.419788
-0.419788
-0.419357
-0.419357
-0.419123
-0.418633
-0.418005
-0.418005
-0.417384
-0.417384
-0.416636
-0.416636
-0.416364
-0.416364
-0.415986
-0.415986
-0.415763
-0.415763
-0.414711
-0.414711
-0.414383
-0.414383
-0.414169
-0.414169
-0.414113
-0.414026
-0.414026
-0.413182
-0.413182
-0.412791
-0.412497
-0.412497
-0.412391
-0.412391
-0.411794
-0.411794
-0.411684
-0.411684
-0.411610
-0.411610
-0.410559
-0.408897
-0.408897
-0.408666
-0.408666
-0.408466
-0.408466
-0.408386
-0.408386
-0.408244
-0.408244
-0.408137
-0.408137
-0.408060
-0.408060
-0.408045
-0.408045
-0.407874
-0.407874
-0.407433
-0.407360
-0.407360
-0.407349
-0.407349
-0.406837
-0.406837
-0.406756
-0.406756
-0.406698
-0.406698
-0.406483
-0.405892
-0.405892
-0.405383
-0.405383
-0.405191
-0.405191
-0.404938
-0.404938
-0.403857
-0.403857
-0.403639
-0.403639
-0.403298
-0.403298
-0.402656
-0.402610
-0.402610
-0.402530
-0.402530
-0.402517
-0.402517
-0.402126
-0.402126
-0.402013
-0.402013
-0.401567
-0.401567
-0.401385
-0.401384
-0.401232
-0.401232
-0.400650
-0.400234
-0.399901
-0.399901
-0.399728
-0.399728
-0.398972
-0.398972
-0.398695
-0.398695
-0.398634
-0.398634
-0.398482
-0.398482
-0.398072
-0.398072
-0.397485
-0.397485
-0.396474
-0.396474
-0.396428
-0.396427
-0.396286
-0.396286
-0.395329
-0.395329
-0.394993
-0.394993
-0.394934
-0.394544
-0.394544
-0.394401
-0.394401
-0.394288
-0.394288
-0.394123
-0.394123
-0.394072
-0.393790
-0.393641
-0.393641
-0.393499
-0.393499
-0.392343
-0.392343
-0.392147
-0.392147
-0.390814
-0.390814
-0.390371
-0.390371
-0.390225
-0.390225
-0.390162
-0.390162
-0.390106
-0.390106
-0.389433
-0.389433
-0.389215
-0.389215
-0.389186
-0.389186
-0.388390
-0.388390
-0.388016
-0.387862
-0.387862
-0.387846
-0.387846
-0.387405
-0.386874
-0.386777
-0.386777
-0.386477
-0.386477
-0.386465
-0.386465
-0.385468
-0.385468
-0.385296
-0.385296
-0.384554
-0.384554
-0.384165
-0.384165
-0.384034
-0.384034
-0.383571
-0.383571
-0.383003
-0.383003
-0.382945
-0.382945
-0.382934
-0.382934
-0.382520
-0.382520
-0.382079
-0.381926
-0.381926
-0.381570
-0.381570
-0.381095
-0.381095
-0.380296
-0.380296
-0.380163
-0.380163
-0.380080
-0.379917
-0.379623
-0.379623
-0.379477
-0.379477
-0.379074
-0.379074
-0.378783
-0.378783
-0.378493
-0.378493
-0.377781
-0.377781
-0.377534
-0.377534
-0.377239
-0.377239
-0.377176
-0.377176
-0.377119
-0.377119
-0.376839
-0.376839
-0.376392
-0.376392
-0.376275
-0.376229
-0.376229
-0.374858
-0.374858
-0.374719
-0.374719
-0.373884
-0.373884
-0.373365
-0.373365
-0.373242
-0.373242
-0.372971
-0.372932
-0.372536
-0.372536
-0.372449
-0.372449
-0.372103
-0.372103
-0.371751
-0.371751
-0.370926
-0.370926
-0.370614
-0.370595
-0.370595
-0.370481
-0.370481
-0.368717
-0.368717
-0.368703
-0.368703
-0.368195
-0.368195
-0.368164
-0.368164
-0.368109
-0.368109
-0.367913
-0.367913
-0.367040
-0.367040
-0.366358
-0.366358
-0.366091
-0.366086
-0.366086
-0.365933
-0.365565
-0.365565
-0.365535
-0.365535
-0.365133
-0.365133
-0.365102
-0.364323
-0.364323
-0.363827
-0.363827
-0.363627
-0.363627
-0.363532
-0.363532
-0.362515
-0.362515
-0.362477
-0.362477
-0.362332
-0.362332
-0.361970
-0.361970
-0.361746
-0.361746
-0.361403
-0.361403
-0.361349
-0.361349
-0.360272
-0.360272
-0.360196
-0.360196
-0.359842
-0.359842
-0.359759
-0.359452
-0.359440
-0.359440
-0.359102
-0.359102
-0.358916
-0.358267
-0.358267
-0.357803
-0.357803
-0.356831
-0.356831
-0.355709
-0.355709
-0.355370
-0.355370
-0.355047
-0.355047
-0.355029
-0.355029
-0.354584
-0.354584
-0.354574
-0.354197
-0.354197
-0.353109
-0.353109
-0.353067
-0.352938
-0.352938
-0.352274
-0.352274
-0.351910
-0.351685
-0.351685
-0.350657
-0.350657
-0.350549
-0.350549
-0.350533
-0.350532
-0.349565
-0.348782
-0.348782
-0.348192
-0.348192
-0.348140
-0.348140
-0.347963
-0.347963
-0.347842
-0.347842
-0.347353
-0.347353
-0.347145
-0.347145
-0.346948
-0.346799
-0.346798
-0.346691
-0.346691
-0.346318
-0.346318
-0.346315
-0.346315
-0.346282
-0.346282
-0.345925
-0.345925
-0.345694
-0.345693
-0.345237
-0.345237
-0.344937
-0.344937
-0.344910
-0.344736
-0.344046
-0.344046
-0.343801
-0.343801
-0.343022
-0.343022
-0.342876
-0.342876
-0.342276
-0.342276
-0.342137
-0.342137
-0.341978
-0.341978
-0.341935
-0.341935
-0.341862
-0.341862
-0.341858
-0.341858
-0.341634
-0.341634
-0.341117
-0.341117
-0.341108
-0.340573
-0.340573
-0.340137
-0.340137
-0.340095
-0.339160
-0.339160
-0.338676
-0.338676
-0.338389
-0.338389
-0.338183
-0.338183
-0.337924
-0.337665
-0.337665
-0.337629
-0.337629
-0.337629
-0.337629
-0.337618
-0.337618
-0.337507
-0.337507
-0.336654
-0.336654
-0.336197
-0.336197
-0.336136
-0.336136
-0.335933
-0.335933
-0.335646
-0.335562
-0.334633
-0.334633
-0.334451
-0.334451
-0.334422
-0.334422
-0.334172
-0.334172
-0.333682
-0.333682
-0.333376
-0.333376
-0.332785
-0.332785
-0.332268
-0.332268
-0.331398
-0.331006
-0.331006
-0.330958
-0.330783
-0.330783
-0.330358
-0.330357
-0.330323
-0.330174
-0.330173
-0.330124
-0.330124
-0.329191
-0.329191
-0.328128
-0.328128
-0.327917
-0.327917
-0.327764
-0.327764
-0.327546
-0.327546
-0.327351
-0.327117
-0.327117
-0.326905
-0.326905
-0.325892
-0.325892
-0.325403
-0.325089
-0.325089
-0.324468
-0.324468
-0.324323
-0.324323
-0.324023
-0.323975
-0.323975
-0.323544
-0.323544
-0.323515
-0.323457
-0.323457
-0.323151
-0.323151
-0.321400
-0.321400
-0.321307
-0.321307
-0.321152
-0.321152
-0.321128
-0.321128
-0.321086
-0.321086
-0.320816
-0.319895
-0.319812
-0.319812
-0.318897
-0.318897
-0.318805
-0.318805
-0.318723
-0.318723
-0.318595
-0.318595
-0.318512
-0.318512
-0.317198
-0.317198
-0.317123
-0.316767
-0.316767
-0.316575
-0.316543
-0.316543
-0.316492
-0.316193
-0.316193
-0.315973
-0.315973
-0.314959
-0.314959
-0.314613
-0.314613
-0.314587
-0.314587
-0.314026
-0.314026
-0.313510
-0.313510
-0.313442
-0.313442
-0.313350
-0.313350
-0.313323
-0.313067
-0.313067
-0.313021
-0.313021
-0.312693
-0.312603
-0.312603
-0.312337
-0.312337
-0.312244
-0.312244
-0.311085
-0.311085
-0.310506
-0.310506
-0.310380
-0.310253
-0.309837
-0.309837
-0.309805
-0.309805
-0.309752
-0.309752
-0.309181
-0.309015
-0.309015
-0.308673
-0.308673
-0.308098
-0.308098
-0.307743
-0.307743
-0.307672
-0.307652
-0.307652
-0.307579
-0.307579
-0.307051
-0.307051
-0.306623
-0.306623
-0.306400
-0.306400
-0.306053
-0.305897
-0.305897
-0.305256
-0.305256
-0.305208
-0.304733
-0.304732
-0.303430
-0.303317
-0.303152
-0.303152
-0.302985
-0.302449
-0.302449
-0.302250
-0.302250
-0.301713
-0.301713
-0.301672
-0.301672
-0.301373
-0.301373
-0.301013
-0.300985
-0.300112
-0.300112
-0.299296
-0.299175
-0.299175
-0.299064
-0.298765
-0.298765
-0.297834
-0.297636
-0.297636
-0.297562
-0.297299
-0.297299
-0.296944
-0.296944
-0.296676
-0.296614
-0.296485
-0.296038
-0.296038
-0.295837
-0.295779
-0.295779
-0.295697
-0.295695
-0.295695
-0.295573
-0.295573
-0.295326
-0.295326
-0.295229
-0.295229
-0.295026
-0.294752
-0.294752
-0.294733
-0.294733
-0.294623
-0.294137
-0.294137
-0.294118
-0.294118
-0.293388
-0.293388
-0.293047
-0.293047
-0.292598
-0.292598
-0.292504
-0.292504
-0.292433
-0.292433
-0.291887
-0.291887
-0.291489
-0.291489
-0.290849
-0.290849
-0.290416
-0.290416
-0.290342
-0.290342
-0.290220
-0.290220
-0.289936
-0.289475
-0.289475
-0.289105
-0.289105
-0.289023
-0.289023
-0.288697
-0.288697
-0.287852
-0.287852
-0.287661
-0.287661
-0.287575
-0.287575
-0.287289
-0.287289
-0.287042
-0.287042
-0.286304
-0.286304
-0.286198
-0.286198
-0.286129
-0.286129
-0.285426
-0.285426
-0.285145
-0.285145
-0.285132
-0.285132
-0.284968
-0.284968
-0.284478
-0.284478
-0.283286
-0.283286
-0.283276
-0.282913
-0.282913
-0.282901
-0.282901
-0.282747
-0.282747
-0.282701
-0.282701
-0.282243
-0.282243
-0.280937
-0.280937
-0.280806
-0.280806
-0.280673
-0.280673
-0.280151
-0.280151
-0.279225
-0.279225
-0.278935
-0.278935
-0.278801
-0.278801
-0.277795
-0.277795
-0.277795
-0.277795
-0.277537
-0.277537
-0.277062
-0.277062
-0.276848
-0.276848
-0.276680
-0.276678
-0.276678
-0.276664
-0.276664
-0.276478
-0.276478
-0.275845
-0.275845
-0.275746
-0.275746
-0.275348
-0.275348
-0.275321
-0.275321
-0.274445
-0.274445
-0.274017
-0.274017
-0.273614
-0.273577
-0.273577
-0.273401
-0.273116
-0.273116
-0.273048
-0.272553
-0.272119
-0.272119
-0.272049
-0.272049
-0.272049
-0.272049
-0.271918
-0.271144
-0.271030
-0.271030
-0.270918
-0.270918
-0.270230
-0.270160
-0.269678
-0.269678
-0.269668
-0.269668
-0.269177
-0.268121
-0.268121
-0.267988
-0.267672
-0.267672
-0.267521
-0.267521
-0.267144
-0.267144
-0.266662
-0.265869
-0.265869
-0.265223
-0.265223
-0.265202
-0.265199
-0.265199
-0.264502
-0.264502
-0.263744
-0.263608
-0.262840
-0.262840
-0.262232
-0.262232
-0.261882
-0.261834
-0.261834
-0.260713
-0.260713
-0.260224
-0.260224
-0.260215
-0.260215
-0.260026
-0.259247
-0.259247
-0.259000
-0.259000
-0.258850
-0.258850
-0.258041
-0.257833
-0.257833
-0.257799
-0.256543
-0.256543
-0.256231
-0.256146
-0.256146
-0.255930
-0.255650
-0.255650
-0.255609
-0.254188
-0.254188
-0.253740
-0.253740
-0.253694
-0.253693
-0.253693
-0.253200
-0.253200
-0.252207
-0.252207
-0.251986
-0.251986
-0.251335
-0.250715
-0.250612
-0.250612
-0.250555
-0.250555
-0.250237
-0.250237
-0.249423
-0.249423
-0.249406
-0.249406
-0.248856
-0.248606
-0.248606
-0.248579
-0.248579
-0.248414
-0.248414
-0.248115
-0.248115
-0.248104
-0.248104
-0.247194
-0.247194
-0.246259
-0.244561
-0.244113
-0.244113
-0.243547
-0.243282
-0.243282
-0.241002
-0.241002
-0.240721
-0.238424
-0.238387
-0.238387
-0.237844
-0.237844
-0.237785
-0.234794
-0.234794
-0.234742
-0.233622
-0.233622
-0.232357
-0.231683
-0.231683
-0.231594
-0.229210
-0.229210
-0.228619
-0.228619
-0.228344
-0.226373
-0.225621
-0.225621
-0.225100
-0.225100
-0.224995
-0.222714
-0.222714
-0.221551
-0.221346
-0.221346
-0.220476
-0.219926
-0.219926
-0.218017
-0.218017
-0.218015
-0.217277
-0.217277
-0.215233
-0.215233
-0.214740
-0.214740
-0.214670
-0.214390
-0.213004
-0.213004
-0.212407
-0.212407
-0.211190
-0.211190
-0.210680
-0.210517
-0.210517
-0.209781
-0.209781
-0.209161
-0.209161
-0.208958
-0.208807
-0.208807
-0.208357
-0.208357
-0.208262
-0.208262
-0.206889
-0.203343
-0.203021
-0.199081
-0.197827
-0.195074
-0.192412
-0.191006
-0.190753
-0.190753
-0.187100
-0.186886
-0.186786
-0.186786
-0.186786
-0.186786
-0.182729
-0.181892
-0.178559
-0.177586
-0.177586
-0.177586
-0.177585
-0.176790
-0.174437
-0.171796
-0.170528
-0.168777
-0.168777
-0.168777
-0.168777
-0.167285
-0.166910
-0.164965
-0.162564
-0.162135
-0.159161
-0.157470
-0.155073
-0.152918
-0.150712
-0.148478
-0.146223
-0.144152
-0.141661
-0.139940
-0.137049
-0.135843
-0.132400
-0.131861
-0.127994
-0.127724
-0.124244
-0.123026
-0.122596
-0.122596
-0.122489
-0.122489
-0.122178
-0.122178
-0.121865
-0.121865
-0.121272
-0.121272
-0.120804
-0.120804
-0.120609
-0.119872
-0.119872
-0.119344
-0.119344
-0.118312
-0.118018
-0.118018
-0.117547
-0.117547
-0.117091
-0.115756
-0.115756
-0.115472
-0.115472
-0.113689
-0.113587
-0.113178
-0.113178
-0.113135
-0.113135
-0.110716
-0.110716
-0.110404
-0.110207
-0.110207
-0.108854
-0.108131
-0.108131
-0.107234
-0.107018
-0.107018
-0.105461
-0.105461
-0.104181
-0.104119
-0.103610
-0.103610
-0.102738
-0.102738
-0.101244
-0.100046
-0.100046
-0.099961
-0.099961
-0.099385
-0.098423
-0.097240
-0.097240
-0.096269
-0.096269
-0.095717
-0.094656
-0.094500
-0.094500
-0.093127
-0.092700
-0.092700
-0.092698
-0.092698
-0.092401
-0.092401
-0.092326
-0.092326
-0.092313
-0.092313
-0.091789
-0.091789
-0.091711
-0.091711
-0.091664
-0.091664
-0.090807
-0.090807
-0.090693
-0.090693
-0.090652
-0.089935
-0.089637
-0.089637
-0.089411
-0.089410
-0.089118
-0.089118
-0.088431
-0.088431
-0.088291
-0.088225
-0.088225
-0.087831
-0.087831
-0.086596
-0.086596
-0.086499
-0.086499
-0.086045
-0.085973
-0.085973
-0.085226
-0.084777
-0.084777
-0.084380
-0.084380
-0.083938
-0.083938
-0.083912
-0.083855
-0.083855
-0.082794
-0.082794
-0.081893
-0.081500
-0.081500
-0.081447
-0.081447
-0.080671
-0.080670
-0.080532
-0.080259
-0.080259
-0.079987
-0.079025
-0.079025
-0.078931
-0.078931
-0.078430
-0.078430
-0.078194
-0.076681
-0.076681
-0.076512
-0.076242
-0.076242
-0.076237
-0.076237
-0.076197
-0.076197
-0.076091
-0.076091
-0.076070
-0.076070
-0.075890
-0.075890
-0.075871
-0.075871
-0.075857
-0.075336
-0.075336
-0.075308
-0.075308
-0.074942
-0.074501
-0.074501
-0.074479
-0.074479
-0.074418
-0.074418
-0.073710
-0.073710
-0.073483
-0.073398
-0.073398
-0.073394
-0.073394
-0.073217
-0.073217
-0.072241
-0.072241
-0.072135
-0.072080
-0.072080
-0.072027
-0.072027
-0.071883
-0.071883
-0.071408
-0.071407
-0.071250
-0.071249
-0.071204
-0.071049
-0.071049
-0.070897
-0.070544
-0.070544
-0.070500
-0.070500
-0.070413
-0.070413
-0.070148
-0.070148
-0.070134
-0.070134
-0.069768
-0.069682
-0.069681
-0.068808
-0.068808
-0.068755
-0.068754
-0.068749
-0.068604
-0.068604
-0.068569
-0.068569
-0.068146
-0.068146
-0.067838
-0.067652
-0.067652
-0.067280
-0.067280
-0.067035
-0.066917
-0.066917
-0.066892
-0.066892
-0.066575
-0.066510
-0.066510
-0.066341
-0.066239
-0.066238
-0.066236
-0.066236
-0.065753
-0.065725
-0.065725
-0.065273
-0.064900
-0.064814
-0.064814
-0.064634
-0.064474
-0.064420
-0.064420
-0.064255
-0.064255
-0.063954
-0.063954
-0.063715
-0.063715
-0.063587
-0.063587
-0.063401
-0.063401
-0.062697
-0.062697
-0.062595
-0.062595
-0.061985
-0.061985
-0.061976
-0.061822
-0.061822
-0.061195
-0.061195
-0.061071
-0.061071
-0.060254
-0.060254
-0.060160
-0.060160
-0.059835
-0.059835
-0.059541
-0.059541
-0.059228
-0.059228
-0.059143
-0.059143
-0.058690
-0.058690
-0.058108
-0.058108
-0.057808
-0.057808
-0.057522
-0.057522
-0.057407
-0.056773
-0.056773
-0.056656
-0.056656
-0.056491
-0.056491
-0.056207
-0.056207
-0.055537
-0.055537
-0.055275
-0.055275
-0.055064
-0.055064
-0.054885
-0.054885
-0.054399
-0.054399
-0.053765
-0.053765
-0.053629
-0.053629
-0.053359
-0.053359
-0.053078
-0.053078
-0.052873
-0.052671
-0.052671
-0.052478
-0.052478
-0.052419
-0.052419
-0.051578
-0.051578
-0.051356
-0.051356
-0.050836
-0.050836
-0.050658
-0.050658
-0.050634
-0.050634
-0.050192
-0.050192
-0.050011
-0.050011
-0.049781
-0.049781
-0.049648
-0.049648
-0.049453
-0.049453
-0.049203
-0.049203
-0.048996
-0.048996
-0.048857
-0.048857
-0.048610
-0.048610
-0.048461
-0.048461
-0.048376
-0.047596
-0.047596
-0.047306
-0.047306
-0.046989
-0.046989
-0.046688
-0.046688
-0.046396
-0.046396
-0.045787
-0.045787
-0.044601
-0.044601
-0.044438
-0.044438
-0.044425
-0.044425
-0.044118
-0.044117
-0.043920
-0.042257
-0.042257
-0.042176
-0.042176
-0.042085
-0.042085
-0.041844
-0.041844
-0.041224
-0.041224
-0.041180
-0.041180
-0.040132
-0.040132
-0.039506
-0.039090
-0.039090
-0.038373
-0.038373
-0.038190
-0.038190
-0.038082
-0.038082
-0.037981
-0.037981
-0.037960
-0.037960
-0.036340
-0.036340
-0.036105
-0.036105
-0.035159
-0.035159
-0.035139
-0.034652
-0.034652
-0.034646
-0.034646
-0.034203
-0.034203
-0.033815
-0.033815
-0.033604
-0.033604
-0.032382
-0.032382
-0.032100
-0.032100
-0.031312
-0.031312
-0.030913
-0.030913
-0.030889
-0.030889
-0.030820
-0.030639
-0.030639
-0.029682
-0.029682
-0.029022
-0.029022
-0.028979
-0.028979
-0.028201
-0.028201
-0.027951
-0.027951
-0.027406
-0.027406
-0.027185
-0.027185
-0.026551
-0.025936
-0.025936
-0.025913
-0.025913
-0.025588
-0.025588
-0.025549
-0.025549
-0.024577
-0.024577
-0.024509
-0.024509
-0.023472
-0.023472
-0.023191
-0.023191
-0.022937
-0.022937
-0.022850
-0.022849
-0.022337
-0.021964
-0.021964
-0.021535
-0.021535
-0.021199
-0.021199
-0.020825
-0.020825
-0.020371
-0.020371
-0.019788
-0.019788
-0.019771
-0.019771
-0.019760
-0.019760
-0.018816
-0.018816
-0.018178
-0.017947
-0.017947
-0.017880
-0.017880
-0.017800
-0.017800
-0.017528
-0.017528
-0.017169
-0.017169
-0.016709
-0.016709
-0.016482
-0.016482
-0.016099
-0.016099
-0.015886
-0.015886
-0.015401
-0.015401
-0.015382
-0.015382
-0.014969
-0.014969
-0.014649
-0.014648
-0.014455
-0.014455
-0.014419
-0.014419
-0.014282
-0.014281
-0.014078
-0.013669
-0.013669
-0.013569
-0.013569
-0.013002
-0.013002
-0.012453
-0.012453
-0.011106
-0.011106
-0.010666
-0.010666
-0.010657
-0.010657
-0.010039
-0.009663
-0.009663
-0.008840
-0.008840
-0.008397
-0.008397
-0.007780
-0.007780
-0.007680
-0.007680
-0.006197
-0.006197
-0.006062
-0.005811
-0.005811
-0.005265
-0.005265
-0.004743
-0.004743
-0.004482
-0.004482
-0.004069
-0.004069
-0.002151
-0.002019
-0.002019
-0.002017
-0.002017
-0.001850
-0.001850
-0.001731
-0.001731
-0.001212
-0.001212
-0.000043
-0.000043
0.000994
0.000994
0.001694
0.001716
0.001716
0.001758
0.001758
0.001854
0.001854
0.002017
0.002017
0.003671
0.003671
0.003785
0.003785
0.005198
0.005198
0.005202
0.005202
0.005387
0.005387
0.005409
0.005409
0.005469
0.006519
0.006519
0.007056
0.007056
0.008350
0.008350
0.008587
0.008587
0.008623
0.008623
0.008992
0.008992
0.009174
0.009193
0.009193
0.010104
0.010104
0.011437
0.011437
0.011507
0.011507
0.011805
0.011805
0.011922
0.011922
0.012531
0.012531
0.012805
0.012805
0.012805
0.014024
0.014024
0.014350
0.014350
0.014489
0.014489
0.015155
0.015155
0.015200
0.015200
0.016000
0.016000
0.016196
0.016196
0.016362
0.016826
0.016827
0.017147
0.017147
0.017479
0.017479
0.018009
0.018009
0.018420
0.018420
0.018780
0.018780
0.019232
0.019232
0.019398
0.019398
0.019461
0.019461
0.019844
0.020051
0.020051
0.020411
0.020411
0.020551
0.020551
0.020961
0.020961
0.021279
0.021279
0.021506
0.021506
0.021564
0.021564
0.021578
0.021578
0.021642
0.021642
0.022724
0.022724
0.023247
0.023284
0.023284
0.023821
0.023821
0.024674
0.024674
0.025976
0.025976
0.026001
0.026001
0.026094
0.026094
0.026572
0.027705
0.027705
0.028101
0.028101
0.028841
0.028841
0.029152
0.029152
0.029816
0.030121
0.030121
0.030671
0.030671
0.031521
0.031521
0.032059
0.032059
0.032251
0.032251
0.032978
0.033569
0.033569
0.033914
0.033914
0.034133
0.034133
0.035273
0.035273
0.035684
0.035684
0.036058
0.036399
0.036399
0.036676
0.036676
0.037368
0.037368
0.038216
0.038216
0.038965
0.038965
0.039054
0.039147
0.039147
0.039160
0.039160
0.040475
0.040475
0.041079
0.041079
0.041544
0.041544
0.041850
0.041850
0.041896
0.041896
0.041966
0.043228
0.043228
0.043862
0.043862
0.043867
0.043867
0.044469
0.044469
0.044470
0.044470
0.044792
0.045621
0.045621
0.046115
0.046115
0.046564
0.046564
0.046682
0.046682
0.047016
0.047016
0.047532
0.047651
0.047651
0.048284
0.048284
0.048529
0.048529
0.049185
0.049185
0.049315
0.049315
0.049491
0.049491
0.050008
0.050008
0.050186
0.050375
0.050375
0.050610
0.050610
0.051118
0.051119
0.051535
0.051535
0.051724
0.051724
0.051859
0.051859
0.051892
0.051892
0.052090
0.052091
0.052229
0.052229
0.052386
0.052386
0.052752
0.054180
0.054180
0.054219
0.054219
0.054316
0.054316
0.055231
0.056163
0.056163
0.056472
0.056472
0.056555
0.056555
0.057622
0.057927
0.057927
0.058650
0.058650
0.058848
0.058848
0.059607
0.059607
0.059925
0.060753
0.060753
0.061058
0.061058
0.061201
0.061201
0.062141
0.062708
0.062708
0.062779
0.062779
0.063187
0.063187
0.064128
0.064128
0.064269
0.064730
0.064730
0.065234
0.065234
0.065460
0.065460
0.066309
0.066603
0.066603
0.066703
0.066703
0.067200
0.067200
0.067856
0.067856
0.068263
0.068399
0.068399
0.068919
0.068919
0.069085
0.069085
0.069890
0.069890
0.070117
0.070117
0.070130
0.070771
0.070771
0.070889
0.070889
0.071559
0.071559
0.071756
0.071756
0.071911
0.072256
0.072256
0.072613
0.072613
0.072860
0.072860
0.073317
0.073317
0.073371
0.073371
0.073606
0.073790
0.073790
0.074116
0.074116
0.074258
0.074258
0.074348
0.074348
0.074488
0.074488
0.074797
0.074797
0.075218
0.075823
0.075823
0.076197
0.076197
0.076745
0.077310
0.077310
0.077515
0.077515
0.078190
0.078720
0.078720
0.078752
0.078752
0.079553
0.079907
0.079907
0.080052
0.080052
0.080836
0.080978
0.080978
0.081307
0.081307
0.081966
0.081966
0.082040
0.082486
0.082486
0.082869
0.082869
0.083166
0.083589
0.083589
0.083688
0.083688
0.084215
0.084421
0.084421
0.084618
0.084618
0.085069
0.085069
0.085189
0.085572
0.085572
0.085631
0.085631
0.086089
0.086107
0.086107
0.086452
0.086452
0.086497
0.086497
0.086800
0.086800
0.086917
0.087016
0.087016
0.087146
0.087146
0.087258
0.087258
0.087675
0.087992
0.087992
0.088364
0.088653
0.088653
0.088985
0.089243
0.089243
0.089541
0.089761
0.089761
0.090033
0.090209
0.090209
0.090463
0.090587
0.090587
0.090832
0.090896
0.090896
0.091135
0.091135
0.091141
0.091306
0.091306
0.091392
0.091408
0.091408
0.091586
0.091724
0.091807
0.176513
0.176726
0.176751
0.176751
0.176965
0.176965
0.177079
0.177319
0.177319
0.177441
0.177441
0.177570
0.177657
0.177657
0.177813
0.177813
0.178015
0.178015
0.178195
0.178442
0.178442
0.178510
0.178510
0.178513
0.178513
0.178730
0.178730
0.178951
0.179093
0.179093
0.179147
0.179147
0.179203
0.179203
0.179598
0.179598
0.179819
0.179819
0.179830
0.179914
0.179914
0.180010
0.180045
0.180045
0.180091
0.180091
0.180137
0.180241
0.180241
0.180353
0.180418
0.180418
0.180639
0.180808
0.180808
0.180841
0.180936
0.180936
0.181015
0.181015
0.181030
0.181099
0.181099
0.181114
0.181114
0.181351
0.181351
0.181501
0.181594
0.181594
0.181744
0.181744
0.181822
0.181822
0.181899
0.181916
0.181916
0.181992
0.181992
0.182065
0.182099
0.182163
0.182163
0.182223
0.182223
0.182248
0.182248
0.182287
0.182287
0.182356
0.182383
0.182383
0.182435
0.182435
0.182645
0.182672
0.182672
0.182839
0.182880
0.182880
0.182931
0.182931
0.182950
0.182950
0.182979
0.182979
0.183197
0.183259
0.183259
0.183279
0.183279
0.183295
0.183295
0.183337
0.183337
0.183361
0.183432
0.183432
0.183455
0.183455
0.183493
0.183493
0.183512
0.183561
0.183561
0.183729
0.183730
0.183797
0.183797
0.183931
0.183931
0.183996
0.183996
0.184063
0.184063
0.184153
0.184171
0.184172
0.184188
0.184188
0.184253
0.184253
0.184318
0.184318
0.184371
0.184464
0.184464
0.184485
0.184612
0.184612
0.184612
0.184612
0.184665
0.184665
0.184666
0.184666
0.184734
0.184734
0.184756
0.184756
0.184760
0.184761
0.184764
0.184764
0.184784
0.184784
0.184881
0.184881
0.184881
0.184881
0.184883
0.184883
0.185039
0.185042
0.185042
0.185047
0.185047
0.185109
0.185109
0.185125
0.185125
0.185216
0.185216
0.185243
0.185243
0.185312
0.185312
0.185410
0.185415
0.185415
0.185466
0.185466
0.185478
0.185478
0.185520
0.185520
0.185548
0.185548
0.185727
0.185727
0.185741
0.185741
0.185742
0.185821
0.185821
0.185891
0.185891
0.185904
0.185904
0.186012
0.186012
0.186035
0.186035
0.186047
0.186047
0.186126
0.186216
0.186216
0.186353
0.186353
0.186365
0.186365
0.186386
0.186386
0.186584
0.186584
0.186599
0.186599
0.186623
0.186668
0.186668
0.186695
0.186695
0.186741
0.186741
0.186758
0.186758
0.186775
0.186775
0.186831
0.186882
0.186882
0.186906
0.186906
0.186942
0.186942
0.186963
0.186963
0.187006
0.187006
0.187057
0.187057
0.187143
0.187143
0.187155
0.187155
0.187337
0.187337
0.187380
0.187380
0.187429
0.187429
0.187534
0.187555
0.187555
0.187595
0.187595
0.187729
0.187729
0.187871
0.187871
0.187890
0.187890
0.187916
0.187919
0.187919
0.187921
0.187921
0.188005
0.188029
0.188029
0.188036
0.188036
0.188133
0.188133
0.188187
0.188187
0.188222
0.188222
0.188433
0.188433
0.188456
0.188456
0.188466
0.188466
0.188466
0.188466
0.188485
0.188485
0.188488
0.188488
0.188510
0.188510
0.188512
0.188512
0.188516
0.188516
0.188547
0.188547
0.188584
0.188584
0.188585
0.188586
0.188688
0.188688
0.188691
0.188691
0.188817
0.188817
0.188822
0.188822
0.188981
0.188981
0.188982
0.188982
0.188993
0.188993
0.189003
0.189003
0.189020
0.189020
0.189056
0.189078
0.189078
0.189083
0.189130
0.189130
0.189162
0.189162
0.189169
0.189169
0.189329
0.189329
0.189343
0.189343
0.189388
0.189388
0.189407
0.189407
0.189436
0.189436
0.189447
0.189447
0.189482
0.189482
0.189548
0.189573
0.189573
0.189613
0.189613
0.189644
0.189644
0.189664
0.189664
0.189672
0.189672
0.189695
0.189695
0.189814
0.189814
0.189898
0.189898
0.189907
0.189907
0.189998
0.189998
0.190123
0.190123
0.190182
0.190182
0.190196
0.190196
0.190211
0.190211
0.190261
0.190261
0.190263
0.190339
0.190339
0.190397
0.190397
0.190480
0.190480
0.190523
0.190523
0.190588
0.190588
0.190623
0.190623
0.190689
0.190773
0.190773
0.190775
0.190775
0.190805
0.190805
0.190870
0.190870
0.190882
0.190882
0.190894
0.190894
0.190932
0.190932
0.191010
0.191010
0.191107
0.191107
0.191113
0.191113
0.191127
0.191127
0.191242
0.191251
0.191251
0.191370
0.191370
0.191411
0.191411
0.191437
0.191437
0.191535
0.191535
0.191554
0.191577
0.191577
0.191643
0.191643
0.191670
0.191670
0.191675
0.191675
0.191722
0.191722
0.191920
0.191920
0.191991
0.191991
0.192004
0.192004
0.192005
0.192005
0.192033
0.192033
0.192044
0.192044
0.192156
0.192156
0.192287
0.192287
0.192288
0.192292
0.192292
0.192389
0.192389
0.192411
0.192411
0.192476
0.192476
0.192550
0.192550
0.192559
0.192560
0.192628
0.192628
0.192657
0.192657
0.192757
0.192757
0.192762
0.192762
0.192768
0.192768
0.192821
0.192821
0.192886
0.192886
0.192971
0.193012
0.193012
0.193080
0.193113
0.193113
0.193141
0.193141
0.193171
0.193171
0.193180
0.193180
0.193282
0.193282
0.193334
0.193334
0.193346
0.193346
0.193388
0.193388
0.193403
0.193403
0.193506
0.193506
0.193526
0.193526
0.193545
0.193545
0.193571
0.193571
0.193671
0.193671
0.193723
0.193723
0.193730
0.193730
0.193774
0.193774
0.193811
0.193831
0.193831
0.194035
0.194035
0.194053
0.194053
0.194090
0.194090
0.194180
0.194180
0.194220
0.194220
0.194294
0.194294
0.194441
0.194441
0.194468
0.194468
0.194570
0.194587
0.194587
0.194589
0.194589
0.194621
0.194621
0.194632
0.194632
0.194678
0.194678
0.194818
0.194818
0.194881
0.194881
0.195051
0.195086
0.195086
0.195100
0.195100
0.195228
0.195228
0.195240
0.195240
0.195280
0.195326
0.195326
0.195335
0.195335
0.195360
0.195360
0.195485
0.195485
0.195490
0.195490
0.195588
0.195588
0.195731
0.195731
0.195851
0.195851
0.195880
0.195880
0.195911
0.195911
0.195986
0.195986
0.196049
0.196049
0.196208
0.196208
0.196208
0.196208
0.196234
0.196234
0.196267
0.196267
0.196317
0.196417
0.196417
0.196560
0.196560
0.196583
0.196583
0.196608
0.196609
0.196643
0.196643
0.196753
0.196856
0.196856
0.196892
0.196892
0.196935
0.196935
0.197011
0.197011
0.197015
0.197015
0.197086
0.197086
0.197143
0.197170
0.197170
0.197227
0.197227
0.197309
0.197309
0.197376
0.197376
0.197458
0.197458
0.197543
0.197543
0.197604
0.197604
0.197613
0.197613
0.197635
0.197635
0.198029
0.198029
0.198045
0.198045
0.198068
0.198068
0.198075
0.198075
0.198105
0.198105
0.198139
0.198253
0.198442
0.198442
0.198491
0.198491
0.198559
0.198559
0.198798
0.198798
0.198810
0.198810
0.198839
0.198840
0.199122
0.199122
0.199193
0.199193
0.199227
0.199227
0.199341
0.199355
0.199355
0.199413
0.199413
0.199557
0.199557
0.199627
0.199627
0.199778
0.199778
0.199793
0.199945
0.199945
0.199995
0.200052
0.200052
0.200148
0.200148
0.200259
0.200259
0.200286
0.200286
0.200290
0.200290
0.200477
0.200477
0.200690
0.200690
0.200693
0.200693
0.200779
0.200779
0.200962
0.200962
0.201036
0.201036
0.201200
0.201200
0.201282
0.201282
0.201379
0.201385
0.201385
0.201556
0.201556
0.201609
0.201661
0.201661
0.201721
0.201721
0.201737
0.201737
0.201819
0.201819
0.201856
0.201903
0.201903
0.201910
0.201910
0.201977
0.201977
0.202151
0.202151
0.202152
0.202152
0.202155
0.202155
0.202180
0.202180
0.202335
0.202335
0.202413
0.202414
0.202433
0.202433
0.202454
0.202454
0.202508
0.202508
0.202510
0.202510
0.202516
0.202516
0.202607
0.202607
0.202610
0.202610
0.202678
0.202678
0.202708
0.202708
0.202859
0.202860
0.202904
0.202904
0.203021
0.203035
0.203036
0.203292
0.203292
0.203380
0.203380
0.203455
0.203455
0.203506
0.203509
0.203527
0.203533
0.203538
0.203539
0.203540
0.203557
0.203557
0.203570
0.203601
0.203606
0.203625
0.203625
0.203625
0.203631
0.203631
0.203680
0.203692
0.203693
0.203742
0.203742
0.203750
0.203752
0.203768
0.203768
0.203819
0.203855
0.203894
0.203902
0.203902
0.203937
0.203977
0.204115
0.204174
0.204174
0.204235
0.204236
0.204253
0.204318
0.204335
0.204424
0.204424
0.204426
0.204433
0.204436
0.204436
0.204447
0.204447
0.204503
0.204596
0.204624
0.204674
0.204674
0.204691
0.204705
0.204712
0.204712
0.204735
0.204769
0.204826
0.204827
0.204841
0.204912
0.204964
0.204991
0.205028
0.205074
0.205109
0.205135
0.205150
0.205204
0.205314
0.205314
0.205447
0.205447
0.205485
0.205496
0.205496
0.205513
0.205514
0.205514
0.205605
0.205605
0.205791
0.205791
0.205792
0.205875
0.205875
0.206154
0.206435
0.206443
0.206443
0.206449
0.206449
0.206475
0.206475
0.206517
0.206517
0.206529
0.206740
0.206740
0.206790
0.206826
0.206826
0.206896
0.206907
0.206907
0.207234
0.207288
0.207288
0.207304
0.207304
0.207352
0.207432
0.207432
0.207507
0.207507
0.207578
0.207578
0.207718
0.207718
0.207732
0.208008
0.208008
0.208041
0.208041
0.208085
0.208085
0.208091
0.208091
0.208170
0.208170
0.208216
0.208216
0.208221
0.208245
0.208245
0.208297
0.208297
0.208324
0.208324
0.208393
0.208408
0.208408
0.208483
0.208483
0.208641
0.208641
0.208642
0.208787
0.208787
0.208828
0.208828
0.208873
0.208873
0.208955
0.208991
0.208991
0.209029
0.209029
0.209047
0.209047
0.209201
0.209281
0.209281
0.209285
0.209288
0.209288
0.209366
0.209366
0.209400
0.209400
0.209407
0.209407
0.209424
0.209424
0.209775
0.209775
0.209793
0.209793
0.209806
0.209806
0.209809
0.209842
0.209842
0.209968
0.209968
0.210053
0.210053
0.210056
0.210056
0.210253
0.210253
0.210274
0.210297
0.210457
0.210457
0.210487
0.210487
0.210665
0.210680
0.210680
0.210695
0.210695
0.210774
0.210774
0.210890
0.211117
0.211117
0.211398
0.211484
0.211484
0.211524
0.211524
0.211602
0.211602
0.211866
0.211866
0.211910
0.211910
0.212010
0.212088
0.212088
0.212099
0.212129
0.212129
0.212216
0.212359
0.212359
0.212373
0.212537
0.212537
0.212810
0.212887
0.212887
0.212937
0.212937
0.213137
0.213137
0.213235
0.213235
0.213389
0.213580
0.213580
0.213725
0.213725
0.213968
0.213968
0.214031
0.214031
0.214084
0.214090
0.214090
0.214129
0.214130
0.214215
0.214215
0.214464
0.214464
0.214537
0.214710
0.214710
0.214886
0.214886
0.215001
0.215001
0.215028
0.215250
0.215250
0.215551
0.215682
0.215682
0.215710
0.215710
0.215743
0.215743
0.215801
0.215824
0.215824
0.215837
0.215837
0.216024
0.216219
0.216219
0.216359
0.216525
0.216525
0.216537
0.216537
0.216664
0.216665
0.216695
0.216695
0.216698
0.216698
0.216734
0.216734
0.216756
0.216756
0.216761
0.216761
0.216975
0.217141
0.217141
0.217156
0.217156
0.217282
0.217282
0.217401
0.217401
0.217443
0.217443
0.217483
0.217483
0.217525
0.217544
0.217544
0.217613
0.217660
0.217660
0.217763
0.217763
0.217888
0.217897
0.217943
0.217943
0.218035
0.218035
0.218084
0.218084
0.218098
0.218098
0.218113
0.218113
0.218140
0.218140
0.218291
0.218291
0.218509
0.218509
0.218566
0.218566
0.218583
0.218583
0.218646
0.218646
0.218649
0.218649
0.218696
0.218696
0.218782
0.219009
0.219009
0.219078
0.219078
0.219096
0.219097
0.219257
0.219259
0.219259
0.219282
0.219282
0.219338
0.219338
0.219348
0.219348
0.219362
0.219362
0.219474
0.219619
0.219619
0.219713
0.219728
0.219728
0.219804
0.219804
0.219878
0.219878
0.220267
0.220267
0.220372
0.220423
0.220658
0.220658
0.220674
0.220674
0.220685
0.220685
0.220691
0.220691
0.220856
0.220856
0.220994
0.220994
0.220996
0.221140
0.221140
0.221388
0.221453
0.221453
0.221493
0.221557
0.221557
0.221657
0.221657
0.221713
0.221713
0.222042
0.222042
0.222119
0.222261
0.222261
0.222370
0.222370
0.222494
0.222494
0.222518
0.222518
0.222579
0.222579
0.222738
0.222849
0.222849
0.223118
0.223208
0.223229
0.223245
0.223245
0.223429
0.223429
0.223545
0.223545
0.223642
0.223643
0.223782
0.223782
0.223939
0.223939
0.224000
0.224000
0.224161
0.224273
0.224273
0.224365
0.224365
0.224414
0.224415
0.224477
0.224917
0.224922
0.225012
0.225012
0.225013
0.225013
0.225058
0.225058
0.225255
0.225255
0.225309
0.225309
0.225726
0.225726
0.225973
0.226034
0.226034
0.226107
0.226172
0.226172
0.226194
0.226194
0.226203
0.226269
0.226269
0.226338
0.226338
0.226491
0.226491
0.226575
0.226603
0.226603
0.226685
0.226685
0.226840
0.226840
0.227081
0.227285
0.227285
0.227399
0.227399
0.227753
0.227753
0.227822
0.227822
0.227860
0.227906
0.228031
0.228031
0.228162
0.228162
0.228191
0.228530
0.228530
0.228741
0.228741
0.228755
0.228755
0.228977
0.228992
0.228992
0.229062
0.229090
0.229090
0.229384
0.229384
0.229420
0.229420
0.229428
0.229428
0.229557
0.229557
0.229578
0.229772
0.229806
0.229806
0.229867
0.229867
0.230135
0.230168
0.230168
0.230169
0.230169
0.230550
0.230550
0.230630
0.230630
0.230821
0.230821
0.230935
0.231210
0.231220
0.231220
0.231318
0.231487
0.231487
0.231658
0.231658
0.231687
0.231687
0.231934
0.231934
0.232036
0.232036
0.232070
0.232119
0.232314
0.232314
0.232373
0.232373
0.232402
0.232402
0.232592
0.232592
0.232595
0.232595
0.232798
0.232828
0.232837
0.232838
0.233063
0.233063
0.233166
0.233166
0.233317
0.233321
0.233321
0.233329
0.233330
0.233594
0.233594
0.233896
0.233896
0.233909
0.233909
0.234118
0.234118
0.234121
0.234197
0.234197
0.234244
0.234244
0.234301
0.234337
0.234634
0.234634
0.234781
0.234781
0.234852
0.234853
0.235093
0.235093
0.235129
0.235348
0.235348
0.235389
0.235506
0.235506
0.235538
0.235538
0.235608
0.235608
0.235735
0.235822
0.235900
0.235900
0.236150
0.236150
0.236185
0.236185
0.236457
0.236457
0.236614
0.236614
0.236622
0.237053
0.237054
0.237128
0.237253
0.237257
0.237257
0.237379
0.237508
0.237508
0.237787
0.237787
0.237790
0.237790
0.237928
0.237929
0.237935
0.237935
0.238086
0.238086
0.238261
0.238379
0.238380
0.238459
0.238459
0.238477
0.238626
0.238774
0.238878
0.238878
0.239123
0.239124
0.239230
0.239231
0.239695
0.239695
0.239780
0.239832
0.239832
0.239866
0.239866
0.239940
0.240047
0.240071
0.240071
0.240528
0.240528
0.240606
0.240606
0.240634
0.240795
0.240795
0.240971
0.240971
0.240998
0.240998
0.241032
0.241141
0.241141
0.241195
0.241348
0.241348
0.241527
0.241539
0.241540
0.242154
0.242154
0.242205
0.242205
0.242232
0.242256
0.242389
0.242404
0.242404
0.242767
0.242767
0.242877
0.242878
0.243002
0.243002
0.243231
0.243231
0.243328
0.243328
0.243376
0.243482
0.243482
0.243522
0.243580
0.243830
0.243849
0.243849
0.244013
0.244013
0.244203
0.244203
0.244266
0.244266
0.244285
0.244285
0.244295
0.244295
0.244461
0.244506
0.244506
0.244513
0.244513
0.244593
0.244645
0.244645
0.244802
0.244802
0.244973
0.244973
0.244980
0.245038
0.245038
0.245189
0.245189
0.245222
0.245223
0.245440
0.245440
0.245486
0.245601
0.245736
0.245736
0.245760
0.245760
0.245798
0.245818
0.245818
0.245840
0.245840
0.246028
0.246028
0.246146
0.246146
0.246172
0.246172
0.246447
0.246488
0.246488
0.246545
0.246625
0.246625
0.246652
0.246652
0.246920
0.246920
0.247005
0.247077
0.247077
0.247090
0.247090
0.247202
0.247202
0.247209
0.247343
0.247425
0.247433
0.247433
0.247595
0.247595
0.247890
0.247890
0.247962
0.247962
0.247993
0.247993
0.248172
0.248238
0.248358
0.248358
0.248368
0.248368
0.248389
0.248389
0.248455
0.248455
0.248594
0.248652
0.248652
0.248933
0.248947
0.248947
0.248985
0.249222
0.249222
0.249300
0.249318
0.249318
0.249338
0.249338
0.249577
0.249577
0.249590
0.249590
0.249625
0.249665
0.249899
0.249899
0.249984
0.249984
0.250027
0.250027
0.250048
0.250048
0.250227
0.250227
0.250245
0.250276
0.250283
0.250491
0.250491
0.250525
0.250525
0.250610
0.250610
0.250677
0.250677
0.250795
0.250795
0.250795
0.250817
0.250822
0.250822
0.250909
0.251026
0.251026
0.251112
0.251112
0.251194
0.251194
0.251234
0.251235
0.251264
0.251264
0.251273
0.251282
0.251282
0.251288
0.251374
0.251374
0.251392
0.251392
0.251490
0.251490
0.251504
0.251504
0.251553
0.251554
0.251644
0.251644
0.251677
0.251677
0.251678
0.251688
0.251808
0.251808
0.251898
0.251898
0.252010
0.252013
0.252013
0.252016
0.252047
0.252047
0.252079
0.252079
0.252129
0.252129
0.252240
0.252240
0.252268
0.252272
0.252315
0.252316
0.252324
0.252339
0.252339
0.252443
0.252443
0.252453
0.252455
0.252469
0.252469
0.252545
0.252545
0.252564
0.252565
0.252566
0.252566
0.252622
0.252670
0.252670
0.252876
0.252876
0.252912
0.252912
0.253004
0.253004
0.253155
0.253155
0.253158
0.253158
0.253187
0.253187
0.253204
0.253204
0.253455
0.253455
0.253513
0.253513
0.253628
0.253628
0.253674
0.253674
0.253727
0.253727
0.253826
0.253849
0.253849
0.253958
0.253958
0.254000
0.254000
0.254059
0.254059
0.254250
0.254250
0.254410
0.254410
0.254410
0.254411
0.254416
0.254416
0.254420
0.254420
0.254445
0.254445
0.254618
0.254754
0.254754
0.254970
0.254970
0.255065
0.255065
0.255078
0.255078
0.255101
0.255101
0.255160
0.255160
0.255165
0.255165
0.255201
0.255201
0.255373
0.255373
0.255433
0.255433
0.255446
0.255446
0.255778
0.255778
0.255822
0.255822
0.255846
0.255897
0.255897
0.255988
0.255988
0.256084
0.256084
0.256131
0.256146
0.256146
0.256296
0.256296
0.256364
0.256365
0.256438
0.256438
0.256503
0.256503
0.256563
0.256563
0.256641
0.256641
0.256681
0.256681
0.256788
0.256788
0.256907
0.256907
0.257117
0.257117
0.257119
0.257120
0.257139
0.257139
0.257180
0.257180
0.257431
0.257431
0.257462
0.257462
0.257594
0.257637
0.257637
0.257713
0.257713
0.257748
0.257748
0.257909
0.257909
0.257939
0.257939
0.258096
0.258096
0.258136
0.258136
0.258162
0.258163
0.258163
0.258177
0.258177
0.258217
0.258217
0.258240
0.258240
0.258263
0.258263
0.258533
0.258533
0.258576
0.258576
0.258697
0.258697
0.258721
0.258721
0.258857
0.258857
0.258906
0.258906
0.259106
0.259106
0.259121
0.259121
0.259219
0.259219
0.259246
0.259310
0.259310
0.259414
0.259414
0.259457
0.259457
0.259463
0.259463
0.259594
0.259594
0.259596
0.259596
0.259641
0.259641
0.259659
0.259659
0.259737
0.259737
0.259745
0.259745
0.259959
0.259961
0.259961
0.259964
0.259964
0.259998
0.259998
0.260077
0.260077
0.260120
0.260120
0.260122
0.260122
0.260149
0.260149
0.260188
0.260188
0.260216
0.260216
0.260217
0.260217
0.260683
0.260683
0.260716
0.260716
0.260728
0.260728
0.260834
0.260835
0.260988
0.260988
0.260993
0.260993
0.261188
0.261188
0.261314
0.261314
0.261435
0.261440
0.261440
0.261470
0.261515
0.261515
0.261781
0.261781
0.261806
0.261806
0.261816
0.261816
0.262113
0.262113
0.262276
0.262276
0.262374
0.262374
0.262527
0.262527
0.262614
0.262614
0.262782
0.262782
0.262819
0.262819
0.262847
0.262847
0.262988
0.263202
0.263202
0.263269
0.263269
0.263340
0.263340
0.263367
0.263367
0.263642
0.263693
0.263693
0.263755
0.263755
0.263823
0.263823
0.263860
0.263860
0.263866
0.263866
0.264000
0.264000
0.264349
0.264349
0.264461
0.264461
0.264754
0.264787
0.264787
0.264787
0.264787
0.264877
0.264877
0.265095
0.265095
0.265123
0.265123
0.265195
0.265195
0.265234
0.265235
0.265282
0.265282
0.265368
0.265429
0.265429
0.265515
0.265515
0.265720
0.265720
0.265739
0.265739
0.265984
0.265984
0.266498
0.266498
0.266503
0.266503
0.266561
0.266561
0.266580
0.266580
0.266610
0.266610
0.266642
0.266642
0.266673
0.266673
0.266818
0.266818
0.266900
0.266967
0.267094
0.267094
0.267229
0.267229
0.267242
0.267242
0.267462
0.267462
0.267501
0.267501
0.267544
0.267544
0.267863
0.267863
0.268082
0.268082
0.268131
0.268131
0.268265
0.268265
0.268283
0.268283
0.268357
0.268357
0.268412
0.268413
0.268458
0.268674
0.268674
0.268708
0.268708
0.268902
0.268902
0.268956
0.268956
0.269024
0.269024
0.269075
0.269075
0.269076
0.269076
0.269103
0.269216
0.269216
0.269444
0.269444
0.269731
0.269731
0.269770
0.269770
0.269812
0.269812
0.270151
0.270151
0.270258
0.270346
0.270346
0.270384
0.270384
0.270390
0.270390
0.270419
0.270419
0.270438
0.270438
0.270439
0.270439
0.270536
0.270536
0.270550
0.270550
0.270708
0.270708
0.270716
0.270716
0.270828
0.270999
0.270999
0.271034
0.271035
0.271552
0.271552
0.271579
0.271579
0.271849
0.271849
0.271886
0.271886
0.271916
0.271916
0.271919
0.271919
0.271974
0.271974
0.271975
0.271975
0.272043
0.272043
0.272053
0.272053
0.272075
0.272075
0.272232
0.272232
0.272372
0.272372
0.272386
0.272421
0.272452
0.272452
0.272495
0.272495
0.272513
0.272513
0.272879
0.272879
0.272893
0.272893
0.273116
0.273116
0.273123
0.273123
0.273206
0.273206
0.273216
0.273217
0.273462
0.273462
0.273475
0.273475
0.273481
0.273481
0.273509
0.273509
0.273565
0.273565
0.273656
0.273656
0.273686
0.273687
0.273688
0.273688
0.273835
0.273835
0.273837
0.273837
0.273925
0.273925
0.273925
0.273925
0.273953
0.273953
0.273958
0.274004
0.274004
0.274034
0.274034
0.274215
0.274215
0.274292
0.274292
0.274341
0.274341
0.274533
0.275112
0.275112
0.275186
0.275186
0.275220
0.275220
0.275424
0.275424
0.275458
0.275458
0.275522
0.275522
0.275587
0.275587
0.275679
0.275679
0.275717
0.275761
0.275761
0.275795
0.275795
0.276301
0.276527
0.276527
0.276647
0.276647
0.276674
0.276674
0.276904
0.276904
0.277045
0.277045
0.277211
0.277211
0.277231
0.277231
0.277334
0.277334
0.277340
0.277340
0.277595
0.277595
0.277596
0.277596
0.277730
0.277730
0.277783
0.277884
0.278223
0.278223
0.278310
0.278311
0.278626
0.278626
0.278728
0.278728
0.278789
0.278789
0.278872
0.278872
0.278888
0.278888
0.278943
0.278943
0.279282
0.279282
0.279453
0.279453
0.279453
0.279620
0.279620
0.279674
0.279674
0.279742
0.279742
0.279755
0.279755
0.279881
0.280286
0.280286
0.280543
0.280543
0.280573
0.280573
0.280612
0.280612
0.280690
0.280690
0.280702
0.280702
0.281034
0.281035
0.281097
0.281097
0.281121
0.281121
0.281130
0.281219
0.281220
0.281475
0.281475
0.281564
0.281564
0.281724
0.281844
0.281844
0.282262
0.282262
0.282337
0.282337
0.282380
0.282380
0.282410
0.282410
0.282421
0.282421
0.282607
0.282607
0.282621
0.282621
0.282627
0.282627
0.282743
0.282743
0.283046
0.283150
0.283150
0.283182
0.283182
0.283347
0.283436
0.283436
0.283713
0.283713
0.283771
0.283771
0.283920
0.283920
0.283961
0.283961
0.283972
0.283972
0.284087
0.284087
0.284295
0.284295
0.284431
0.284431
0.284434
0.284434
0.284621
0.284621
0.284659
0.284659
0.284897
0.284897
0.284907
0.285033
0.285033
0.285087
0.285158
0.285158
0.285259
0.285259
0.285336
0.285336
0.285377
0.285377
0.285396
0.285396
0.285874
0.285874
0.285912
0.285912
0.286014
0.286014
0.286119
0.286119
0.286200
0.286200
0.286329
0.286329
0.286340
0.286340
0.286495
0.286496
0.286502
0.286664
0.286664
0.286687
0.286687
0.286691
0.286691
0.286992
0.286992
0.287005
0.287108
0.287108
0.287165
0.287165
0.287306
0.287306
0.287531
0.287531
0.287531
0.287531
0.287575
0.287575
0.287592
0.287592
0.287622
0.287622
0.287687
0.287687
0.287846
0.287846
0.287856
0.287856
0.288037
0.288037
0.288110
0.288110
0.288115
0.288115
0.288179
0.288179
0.288236
0.288316
0.288316
0.288319
0.288319
0.288398
0.288398
0.288464
0.288464
0.288466
0.288466
0.288551
0.288551
0.288552
0.288552
0.288700
0.288715
0.288715
0.288812
0.288812
0.288840
0.288840
0.289301
0.289301
0.289435
0.289435
0.289593
0.289593
0.289660
0.289660
0.289834
0.289834
0.289951
0.289951
0.289989
0.289989
0.290137
0.290163
0.290163
0.290263
0.291030
0.291030
0.291098
0.291098
0.291103
0.291103
0.291110
0.291110
0.291121
0.291121
0.291301
0.291301
0.291320
0.291320
0.291575
0.291575
0.291796
0.292051
0.292071
0.292071
0.292177
0.292177
0.292590
0.292590
0.292636
0.292636
0.292775
0.292775
0.292851
0.292851
0.292940
0.292940
0.293033
0.293033
0.293073
0.293074
0.293189
0.293189
0.293373
0.293815
0.294034
0.294034
0.294094
0.294094
0.294148
0.294148
0.294232
0.294232
0.294269
0.294269
0.294286
0.294286
0.294334
0.294334
0.294496
0.294496
0.294948
0.294948
0.295053
0.295053
0.295071
0.295378
0.295569
0.295569
0.295651
0.295651
0.295657
0.295657
0.295810
0.295810
0.295904
0.295904
0.295928
0.295928
0.296027
0.296027
0.296612
0.296613
0.296698
0.296698
0.296773
0.296849
0.296849
0.296870
0.296954
0.296954
0.297017
0.297017
0.297266
0.297266
0.297344
0.297344
0.297420
0.297420
0.297477
0.297477
0.297873
0.297886
0.297886
0.297973
0.297973
0.298015
0.298015
0.298111
0.298111
0.298149
0.298149
0.298322
0.298322
0.298518
0.298519
0.298876
0.298876
0.298884
0.298884
0.298896
0.299030
0.299030
0.299355
0.299355
0.299510
0.299510
0.299539
0.299539
0.299568
0.299568
0.299644
0.299644
0.299992
0.299992
0.300272
0.300272
0.300397
0.300397
0.300436
0.300436
0.300442
0.300442
0.300483
0.300556
0.300578
0.300578
0.300758
0.300758
0.300809
0.300809
0.300840
0.300840
0.300939
0.300939
0.301228
0.301228
0.301256
0.301256
0.301304
0.301304
0.301616
0.301616
0.301637
0.301637
0.301658
0.301658
0.301752
0.301770
0.301770
0.301897
0.301897
0.301936
0.301936
0.301960
0.301960
0.301975
0.301975
0.302185
0.302255
0.302255
0.302265
0.302265
0.302439
0.302439
0.302497
0.302497
0.302503
0.302504
0.302687
0.302687
0.302690
0.302690
0.302822
0.302823
0.302824
0.302824
0.302838
0.302838
0.302904
0.302904
0.302904
0.302905
0.302925
0.302925
0.302992
0.302992
0.303053
0.303053
0.303264
0.303350
0.303350
0.303674
0.304005
0.304005
0.304035
0.304035
0.304046
0.304046
0.304276
0.304276
0.304454
0.304454
0.304692
0.304692
0.304885
0.305061
0.305061
0.305087
0.305096
0.305096
0.305591
0.305591
0.305660
0.305660
0.305846
0.305846
0.305980
0.305980
0.306037
0.306037
0.306104
0.306104
0.306469
0.306514
0.306974
0.306974
0.307021
0.307021
0.307060
0.307060
0.307144
0.307144
0.307208
0.307208
0.307227
0.307227
0.307847
0.307870
0.307870
0.307963
0.307963
0.308085
0.308376
0.308376
0.308444
0.308444
0.308525
0.308525
0.308630
0.308630
0.308724
0.308724
0.308813
0.308813
0.309242
0.309533
0.309533
0.309567
0.309613
0.309613
0.309636
0.309636
0.309740
0.309740
0.309787
0.309787
0.310035
0.310035
0.310296
0.310296
0.310361
0.310361
0.310662
0.310806
0.310806
0.310960
0.310988
0.310988
0.311009
0.311009
0.311061
0.311061
0.311112
0.311112
0.311364
0.311364
0.311672
0.311672
0.311710
0.311710
0.311951
0.311951
0.312097
0.312132
0.312132
0.312284
0.312284
0.312285
0.312310
0.312310
0.312481
0.312481
0.312636
0.312636
0.312844
0.312844
0.312860
0.312860
0.313069
0.313069
0.313221
0.313221
0.313350
0.313350
0.313360
0.313360
0.313518
0.313565
0.313804
0.313804
0.313809
0.313809
0.313826
0.313826
0.313864
0.313864
0.314152
0.314152
0.314205
0.314205
0.314206
0.314206
0.314261
0.314261
0.314552
0.314552
0.314552
0.314552
0.314816
0.314845
0.314845
0.314846
0.314846
0.314900
0.315061
0.315061
0.315086
0.315086
0.315087
0.315087
0.315127
0.315127
0.315195
0.315195
0.315256
0.315256
0.315274
0.315274
0.315274
0.315274
0.315408
0.315408
0.315408
0.315408
0.315488
0.315488
0.315488
0.315488
0.316048
0.316191
0.316191
0.316208
0.316208
0.316223
0.316233
0.316233
0.316374
0.316374
0.317119
0.317119
0.317138
0.317138
0.317266
0.317383
0.317383
0.317482
0.317561
0.317561
0.317989
0.317989
0.318033
0.318033
0.318471
0.318511
0.318511
0.318678
0.318690
0.318690
0.318817
0.318817
0.318877
0.318877
0.319603
0.319603
0.319612
0.319612
0.319656
0.319668
0.319668
0.319764
0.319764
0.319818
0.320344
0.320344
0.320408
0.320408
0.320679
0.320679
0.320789
0.320789
0.320812
0.320910
0.321039
0.321039
0.321098
0.321098
0.321686
0.321686
0.321707
0.321707
0.321737
0.321737
0.321769
0.321769
0.321929
0.321960
0.322284
0.322284
0.322326
0.322326
0.322690
0.322690
0.322707
0.322707
0.322833
0.322833
0.322865
0.322865
0.322973
0.322999
0.323330
0.323330
0.323353
0.323354
0.323605
0.323605
0.323624
0.323624
0.323775
0.323775
0.323792
0.323792
0.323950
0.324019
0.324169
0.324169
0.324181
0.324181
0.324462
0.324462
0.324507
0.324507
0.324511
0.324511
0.324518
0.324518
0.324800
0.324800
0.324804
0.324804
0.324892
0.324986
0.325037
0.325037
0.325039
0.325039
0.325221
0.325221
0.325222
0.325222
0.325278
0.325278
0.325339
0.325339
0.325352
0.325352
0.325353
0.325353
0.325431
0.325431
0.325431
0.325431
0.325798
0.325901
0.326053
0.326053
0.326119
0.326119
0.326665
0.326764
0.326784
0.326784
0.326849
0.326849
0.327469
0.327469
0.327491
0.327528
0.327528
0.327578
0.328108
0.328108
0.328158
0.328158
0.328272
0.328343
0.328698
0.328698
0.328738
0.328738
0.329008
0.329060
0.329238
0.329238
0.329269
0.329269
0.329696
0.329729
0.329729
0.329731
0.329751
0.329751
0.330168
0.330168
0.330184
0.330184
0.330334
0.330355
0.330556
0.330556
0.330567
0.330567
0.330893
0.330893
0.330900
0.330900
0.330922
0.330932
0.331178
0.331178
0.331182
0.331182
0.331412
0.331412
0.331414
0.331414
0.331459
0.331461
0.331593
0.331593
0.331594
0.331594
0.331723
0.331723
0.331723
0.331723
0.331801
0.331801
0.331801
0.331801
0.331942
0.331945
0.332375
0.332380
0.332758
0.332764
0.333091
0.333097
0.333374
0.333379
0.333606
0.333609
0.333787
0.333789
0.333916
0.333917
0.333994
0.333994
