-1.574582
-1.570758
-1.566848
-1.566848
-1.564311
-1.562972
-1.562972
-1.556442
-1.556442
-1.555138
-1.547160
-1.547160
-1.543276
-1.543276
-1.543108
-1.539257
-1.539257
-1.535000
-1.535000
-1.532497
-1.532497
-1.528071
-1.522914
-1.522914
-1.519821
-1.519821
-1.510400
-1.510400
-1.509875
-1.502921
-1.502921
-1.501481
-1.501481
-1.498703
-1.498703
-1.494837
-1.494837
-1.491626
-1.491626
-1.488381
-1.481631
-1.481631
-1.479846
-1.479846
-1.476106
-1.476106
-1.468638
-1.468638
-1.463472
-1.454812
-1.454812
-1.454100
-1.454100
-1.452565
-1.452565
-1.444733
-1.444733
-1.440319
-1.440319
-1.435076
-1.433332
-1.433332
-1.432936
-1.432936
-1.428742
-1.428742
-1.426312
-1.426312
-1.422546
-1.422545
-1.410877
-1.410877
-1.409103
-1.409102
-1.403172
-1.399990
-1.399990
-1.394335
-1.394335
-1.392560
-1.392560
-1.385181
-1.385181
-1.372877
-1.372877
-1.368231
-1.368231
-1.367859
-1.367859
-1.367803
-1.363657
-1.363657
-1.358929
-1.358929
-1.357051
-1.357051
-1.355235
-1.355235
-1.350028
-1.350028
-1.345436
-1.345436
-1.332430
-1.332430
-1.331604
-1.331604
-1.329084
-1.324291
-1.324291
-1.324009
-1.324009
-1.320218
-1.320218
-1.314409
-1.314409
-1.295860
-1.295860
-1.294852
-1.294852
-1.293894
-1.293894
-1.287607
-1.287607
-1.287210
-1.278405
-1.278405
-1.274198
-1.274198
-1.272356
-1.272356
-1.269578
-1.269578
-1.262631
-1.262631
-1.262119
-1.262119
-1.252425
-1.252425
-1.251281
-1.251281
-1.249903
-1.249903
-1.246158
-1.246158
-1.242463
-1.237292
-1.237292
-1.233787
-1.233787
-1.227478
-1.227477
-1.221462
-1.221462
-1.216918
-1.216918
-1.209347
-1.209347
-1.207619
-1.207619
-1.201426
-1.201426
-1.195215
-1.189602
-1.189602
-1.186811
-1.186811
-1.184510
-1.184510
-1.178527
-1.178526
-1.167130
-1.167130
-1.165413
-1.165413
-1.163057
-1.163057
-1.160954
-1.160954
-1.153400
-1.153400
-1.151378
-1.151378
-1.149367
-1.149366
-1.148547
-1.148547
-1.145955
-1.143773
-1.143773
-1.137159
-1.137159
-1.129893
-1.129893
-1.127472
-1.127472
-1.125034
-1.125034
-1.113546
-1.113546
-1.110468
-1.110468
-1.107959
-1.107959
-1.107667
-1.107666
-1.096603
-1.096603
-1.095838
-1.095838
-1.095378
-1.085587
-1.085587
-1.085501
-1.085501
-1.074335
-1.074335
-1.064895
-1.062077
-1.062076
-1.062037
-1.062037
-1.059891
-1.055065
-1.055065
-1.054672
-1.054672
-1.051168
-1.050197
-1.050197
-1.045471
-1.037854
-1.036735
-1.036735
-1.033366
-1.033366
-1.024798
-1.022457
-1.022457
-1.022268
-1.022268
-1.019158
-1.016675
-1.012486
-1.010139
-1.010139
-1.007347
-1.007347
-1.006517
-1.006415
-1.005204
-1.005204
-0.998677
-0.998648
-0.998648
-0.994907
-0.988858
-0.987299
-0.987299
-0.985238
-0.985238
-0.983497
-0.981381
-0.981381
-0.976952
-0.967722
-0.967722
-0.965773
-0.965773
-0.964917
-0.962853
-0.960861
-0.960861
-0.960593
-0.960593
-0.946470
-0.945851
-0.945851
-0.943571
-0.942425
-0.942425
-0.940353
-0.934272
-0.934272
-0.932011
-0.932011
-0.927738
-0.918383
-0.915663
-0.915662
-0.915530
-0.915530
-0.913038
-0.912847
-0.912846
-0.912225
-0.912225
-0.909379
-0.909379
-0.906620
-0.904398
-0.904398
-0.900900
-0.900900
-0.899525
-0.899525
-0.897038
-0.897038
-0.896056
-0.896056
-0.890225
-0.890225
-0.885925
-0.885925
-0.883116
-0.877773
-0.877773
-0.872280
-0.872279
-0.868419
-0.868419
-0.865333
-0.865333
-0.863980
-0.863979
-0.859856
-0.859856
-0.857270
-0.855136
-0.855136
-0.852337
-0.852337
-0.851764
-0.851764
-0.850633
-0.850633
-0.843303
-0.841899
-0.841899
-0.837098
-0.829849
-0.829849
-0.829170
-0.820020
-0.820020
-0.816128
-0.816128
-0.815208
-0.815208
-0.809323
-0.806294
-0.806294
-0.805282
-0.804075
-0.804075
-0.798950
-0.790894
-0.790894
-0.786625
-0.786625
-0.785049
-0.785049
-0.783024
-0.783024
-0.779419
-0.779419
-0.778425
-0.778425
-0.775123
-0.775123
-0.773793
-0.773793
-0.771218
-0.771218
-0.770784
-0.768901
-0.768901
-0.767305
-0.767305
-0.766792
-0.766676
-0.766500
-0.766500
-0.764974
-0.764973
-0.762674
-0.762674
-0.758345
-0.758345
-0.755881
-0.755881
-0.754612
-0.754612
-0.751557
-0.751557
-0.744185
-0.744185
-0.734679
-0.732920
-0.727412
-0.727412
-0.725800
-0.725800
-0.725013
-0.725013
-0.723703
-0.721091
-0.721091
-0.716065
-0.716065
-0.715302
-0.715302
-0.706890
-0.706890
-0.697601
-0.697320
-0.695927
-0.695927
-0.690990
-0.690990
-0.688887
-0.688887
-0.686775
-0.686775
-0.686636
-0.686636
-0.683074
-0.682097
-0.682097
-0.680513
-0.680513
-0.677564
-0.677564
-0.673705
-0.673705
-0.673404
-0.673404
-0.668466
-0.668466
-0.663961
-0.663961
-0.663277
-0.663277
-0.662817
-0.662817
-0.662518
-0.662518
-0.661161
-0.661161
-0.661144
-0.660454
-0.660454
-0.660331
-0.660331
-0.659487
-0.656402
-0.656402
-0.649426
-0.649426
-0.649072
-0.649072
-0.647085
-0.647085
-0.645495
-0.645495
-0.645099
-0.638085
-0.638085
-0.631775
-0.631775
-0.631679
-0.631679
-0.624106
-0.624106
-0.624039
-0.624039
-0.623889
-0.622862
-0.621031
-0.616032
-0.615831
-0.615831
-0.615448
-0.615448
-0.611650
-0.611650
-0.611353
-0.611353
-0.609468
-0.607745
-0.606730
-0.606730
-0.604775
-0.604775
-0.602377
-0.602377
-0.601631
-0.601631
-0.600672
-0.600672
-0.598653
-0.598653
-0.598526
-0.598526
-0.596498
-0.596498
-0.596370
-0.595567
-0.595567
-0.594330
-0.594330
-0.590293
-0.590293
-0.589433
-0.587267
-0.587267
-0.586211
-0.585298
-0.585298
-0.584848
-0.584848
-0.584046
-0.584045
-0.582208
-0.581908
-0.581908
-0.580794
-0.580794
-0.580240
-0.580240
-0.579230
-0.579230
-0.576209
-0.575903
-0.575903
-0.573540
-0.573540
-0.572878
-0.572878
-0.572613
-0.572613
-0.569531
-0.569531
-0.569062
-0.569062
-0.568597
-0.568597
-0.567856
-0.567856
-0.565227
-0.565199
-0.565199
-0.562785
-0.562785
-0.562200
-0.562199
-0.561335
-0.561335
-0.561141
-0.561141
-0.560951
-0.560327
-0.560327
-0.558506
-0.558506
-0.557021
-0.557021
-0.555484
-0.555484
-0.555086
-0.555086
-0.552165
-0.552165
-0.549745
-0.549745
-0.548519
-0.548030
-0.547502
-0.547502
-0.546036
-0.545771
-0.545771
-0.544243
-0.544243
-0.543786
-0.543786
-0.543004
-0.543004
-0.541593
-0.541593
-0.539230
-0.539230
-0.538138
-0.538138
-0.538022
-0.538022
-0.537975
-0.537975
-0.537287
-0.537287
-0.537179
-0.537179
-0.536868
-0.534866
-0.534866
-0.534299
-0.534299
-0.532005
-0.530374
-0.530374
-0.526196
-0.526196
-0.525812
-0.525812
-0.525412
-0.525412
-0.525272
-0.525272
-0.525096
-0.525021
-0.525021
-0.524853
-0.524853
-0.524759
-0.524759
-0.524583
-0.524583
-0.524420
-0.524420
-0.524028
-0.524028
-0.523566
-0.523565
-0.522117
-0.522117
-0.520900
-0.520900
-0.520463
-0.520463
-0.519404
-0.519404
-0.517939
-0.517939
-0.517782
-0.517782
-0.514200
-0.514200
-0.512324
-0.512116
-0.512116
-0.511969
-0.511969
-0.511253
-0.509810
-0.509810
-0.508866
-0.508866
-0.508504
-0.508504
-0.503870
-0.503870
-0.503251
-0.501696
-0.501696
-0.496103
-0.496103
-0.493833
-0.493833
-0.493287
-0.493164
-0.493164
-0.492688
-0.492688
-0.491455
-0.491455
-0.485312
-0.485312
-0.484897
-0.484897
-0.483971
-0.483971
-0.483386
-0.483386
-0.481963
-0.481963
-0.481191
-0.481191
-0.478549
-0.478549
-0.477450
-0.477450
-0.475484
-0.475484
-0.474888
-0.474789
-0.474789
-0.473676
-0.473676
-0.472744
-0.472744
-0.467660
-0.467660
-0.467601
-0.467601
-0.465780
-0.465780
-0.461865
-0.461865
-0.461594
-0.461594
-0.460099
-0.460099
-0.457739
-0.457739
-0.457209
-0.453765
-0.453765
-0.452672
-0.452672
-0.452315
-0.452315
-0.446698
-0.446655
-0.446655
-0.446134
-0.446134
-0.444332
-0.444332
-0.442559
-0.442559
-0.442283
-0.442283
-0.441415
-0.441415
-0.439949
-0.437365
-0.436466
-0.436466
-0.436433
-0.436433
-0.435150
-0.435150
-0.433744
-0.433744
-0.433038
-0.433038
-0.431390
-0.431390
-0.429957
-0.429957
-0.429727
-0.429727
-0.428484
-0.428484
-0.425512
-0.425512
-0.424968
-0.424968
-0.424701
-0.424701
-0.422511
-0.422511
-0.420362
-0.420362
-0.418857
-0.415901
-0.415901
-0.415687
-0.415687
-0.415414
-0.415414
-0.414896
-0.414833
-0.414833
-0.411775
-0.411775
-0.411508
-0.411508
-0.409229
-0.409229
-0.407426
-0.407426
-0.407017
-0.404313
-0.404313
-0.404095
-0.404095
-0.402876
-0.402876
-0.398605
-0.398605
-0.397779
-0.397779
-0.397095
-0.397095
-0.395535
-0.395535
-0.393787
-0.393787
-0.393613
-0.392472
-0.392472
-0.391855
-0.391855
-0.391160
-0.391160
-0.389619
-0.389619
-0.389076
-0.385237
-0.385237
-0.383825
-0.383825
-0.381753
-0.381753
-0.381132
-0.381131
-0.381118
-0.381118
-0.380880
-0.380880
-0.380288
-0.380288
-0.376753
-0.371383
-0.371383
-0.370689
-0.370689
-0.370455
-0.369707
-0.369707
-0.368542
-0.368542
-0.367860
-0.367860
-0.367805
-0.367805
-0.365131
-0.365131
-0.364316
-0.364316
-0.362826
-0.362826
-0.361927
-0.358217
-0.358217
-0.357528
-0.357528
-0.357101
-0.357101
-0.352074
-0.352074
-0.349923
-0.349508
-0.347252
-0.347252
-0.347076
-0.347076
-0.346514
-0.346514
-0.346378
-0.346378
-0.345658
-0.345658
-0.344887
-0.344887
-0.344044
-0.344044
-0.343248
-0.343248
-0.338996
-0.338995
-0.338112
-0.338111
-0.334664
-0.334664
-0.334626
-0.331314
-0.331314
-0.331185
-0.331144
-0.331144
-0.330909
-0.330909
-0.330612
-0.330612
-0.330605
-0.330605
-0.327413
-0.325430
-0.325430
-0.322447
-0.322447
-0.321948
-0.321948
-0.320073
-0.320073
-0.319614
-0.319614
-0.316752
-0.316752
-0.315966
-0.315198
-0.315198
-0.313150
-0.313150
-0.312291
-0.312290
-0.310218
-0.309605
-0.309605
-0.307999
-0.307999
-0.307693
-0.305740
-0.305740
-0.304370
-0.303298
-0.303298
-0.302016
-0.302015
-0.301479
-0.301479
-0.300054
-0.300054
-0.299350
-0.297030
-0.294809
-0.294809
-0.293399
-0.293399
-0.292150
-0.292150
-0.291716
-0.291716
-0.291436
-0.291436
-0.289191
-0.289191
-0.286629
-0.286629
-0.286472
-0.286472
-0.282753
-0.282753
-0.282262
-0.282262
-0.281462
-0.281371
-0.281371
-0.281330
-0.281330
-0.279627
-0.279627
-0.277134
-0.277134
-0.276834
-0.276834
-0.276806
-0.276806
-0.273116
-0.273116
-0.272611
-0.272050
-0.272050
-0.272048
-0.272048
-0.270999
-0.270999
-0.269408
-0.267889
-0.267889
-0.267580
-0.267580
-0.265807
-0.265807
-0.265352
-0.265352
-0.264121
-0.261214
-0.261214
-0.260933
-0.260933
-0.260110
-0.260110
-0.257993
-0.257425
-0.257425
-0.256829
-0.256324
-0.256324
-0.256169
-0.254675
-0.254675
-0.254133
-0.250048
-0.250048
-0.249479
-0.249479
-0.249224
-0.249224
-0.247639
-0.238371
-0.238371
-0.237111
-0.237111
-0.236690
-0.231602
-0.225828
-0.225828
-0.224146
-0.221442
-0.221442
-0.215627
-0.215627
-0.211091
-0.211091
-0.210216
-0.209474
-0.209474
-0.208804
-0.195188
-0.190753
-0.190753
-0.187434
-0.186786
-0.186786
-0.186786
-0.186786
-0.179769
-0.177586
-0.177586
-0.177586
-0.177585
-0.168782
-0.168782
-0.168773
-0.168773
-0.168245
-0.167641
-0.164229
-0.157132
-0.149517
-0.141506
-0.133119
-0.123729
-0.122110
-0.122110
-0.121489
-0.121489
-0.118485
-0.116023
-0.116023
-0.113698
-0.113698
-0.106330
-0.106330
-0.105630
-0.105450
-0.101119
-0.101119
-0.095589
-0.095589
-0.094554
-0.092932
-0.092932
-0.091106
-0.091106
-0.089918
-0.089918
-0.087086
-0.086042
-0.086042
-0.085248
-0.085139
-0.085139
-0.085127
-0.085127
-0.082561
-0.082561
-0.077689
-0.076660
-0.076660
-0.076316
-0.076316
-0.075664
-0.075664
-0.075434
-0.075434
-0.072899
-0.072899
-0.071854
-0.071777
-0.071777
-0.071140
-0.071140
-0.070536
-0.070536
-0.069797
-0.069797
-0.068893
-0.067714
-0.067430
-0.067430
-0.067012
-0.067012
-0.066998
-0.066998
-0.065748
-0.065748
-0.065243
-0.062687
-0.062687
-0.060610
-0.060610
-0.059484
-0.059484
-0.058825
-0.058825
-0.057161
-0.057161
-0.055718
-0.055718
-0.055278
-0.055278
-0.053207
-0.053207
-0.052969
-0.052969
-0.051463
-0.051463
-0.051082
-0.049547
-0.049546
-0.049174
-0.049174
-0.047751
-0.047751
-0.044713
-0.044713
-0.043830
-0.043830
-0.042368
-0.042368
-0.039183
-0.039183
-0.038173
-0.038172
-0.036738
-0.036738
-0.033842
-0.031716
-0.031716
-0.031630
-0.031630
-0.030952
-0.030952
-0.030158
-0.030158
-0.026172
-0.026172
-0.025479
-0.025479
-0.021281
-0.021281
-0.020718
-0.020718
-0.020579
-0.020579
-0.017741
-0.017741
-0.017341
-0.017061
-0.017060
-0.015685
-0.015685
-0.014942
-0.014942
-0.014152
-0.014152
-0.011681
-0.011681
-0.005389
-0.005389
-0.004678
-0.004678
-0.003069
-0.003069
-0.002548
-0.002547
-0.001729
-0.001638
-0.001638
0.004369
0.004369
0.007919
0.007919
0.008330
0.008330
0.009063
0.009063
0.010557
0.010557
0.011733
0.011733
0.012864
0.015411
0.015411
0.018258
0.018258
0.018891
0.018891
0.019779
0.019779
0.020989
0.020989
0.022498
0.022498
0.024250
0.024250
0.026325
0.027078
0.027079
0.030729
0.030729
0.034676
0.034676
0.034809
0.034809
0.035791
0.035791
0.038564
0.040645
0.040645
0.040969
0.040969
0.045902
0.045902
0.045924
0.045924
0.046275
0.046275
0.049422
0.049422
0.049440
0.049440
0.049516
0.051566
0.051567
0.055647
0.055647
0.055798
0.055798
0.056977
0.056977
0.059141
0.063242
0.063242
0.063867
0.063867
0.064418
0.064418
0.067426
0.068162
0.068162
0.070903
0.070903
0.071698
0.071698
0.071790
0.071790
0.073825
0.073825
0.074386
0.076720
0.076720
0.077937
0.077937
0.080063
0.081284
0.081284
0.082889
0.082889
0.084519
0.084561
0.084561
0.086532
0.086532
0.086680
0.086680
0.087834
0.089345
0.089345
0.090099
0.090921
0.090921
0.091408
0.177484
0.177736
0.177736
0.178442
0.178442
0.179529
0.179529
0.180462
0.180614
0.180792
0.180792
0.180866
0.180866
0.181542
0.181542
0.182217
0.182217
0.182591
0.182656
0.182656
0.183203
0.183203
0.183464
0.183471
0.183471
0.183544
0.183544
0.183988
0.183988
0.184462
0.184462
0.184737
0.184862
0.184862
0.184870
0.184870
0.185470
0.185470
0.185498
0.185498
0.185695
0.185695
0.185715
0.185715
0.185776
0.185776
0.186188
0.186288
0.186288
0.186638
0.186638
0.186804
0.186804
0.187001
0.187001
0.187050
0.187050
0.187385
0.187385
0.187656
0.187656
0.187667
0.187667
0.187808
0.187916
0.187916
0.188672
0.188672
0.188687
0.188687
0.188738
0.188738
0.188799
0.188799
0.188961
0.188961
0.189256
0.189256
0.189260
0.189394
0.189394
0.189793
0.189793
0.190222
0.190222
0.190247
0.190247
0.190326
0.190326
0.190350
0.190350
0.190518
0.190518
0.190996
0.190996
0.191119
0.191119
0.191139
0.191139
0.191631
0.191631
0.191818
0.191818
0.191931
0.192037
0.192037
0.192133
0.192133
0.192466
0.192466
0.192550
0.192551
0.192901
0.192901
0.193170
0.193170
0.193357
0.193357
0.193358
0.193358
0.193810
0.193810
0.193927
0.193927
0.194181
0.194181
0.194378
0.194569
0.194570
0.194589
0.194710
0.194710
0.195239
0.195239
0.195337
0.195337
0.195634
0.195634
0.195817
0.195817
0.196105
0.196105
0.196244
0.196244
0.196450
0.196450
0.196862
0.196862
0.197919
0.197919
0.197988
0.197988
0.198100
0.198100
0.198467
0.198467
0.198578
0.198578
0.198640
0.198640
0.198866
0.199643
0.199643
0.199715
0.199715
0.199905
0.199905
0.200180
0.201027
0.201027
0.201286
0.201286
0.201438
0.201438
0.201472
0.201472
0.202225
0.202225
0.202377
0.202377
0.202489
0.202489
0.202840
0.203026
0.203026
0.203045
0.203045
0.203586
0.203592
0.203775
0.203775
0.203797
0.203906
0.203945
0.203945
0.204421
0.204421
0.204444
0.204446
0.204603
0.204859
0.205079
0.205625
0.205654
0.205654
0.205755
0.205755
0.205794
0.205794
0.206083
0.206084
0.206286
0.206513
0.206787
0.206787
0.206787
0.206825
0.206825
0.207086
0.207086
0.208146
0.208146
0.208632
0.208693
0.208693
0.208977
0.208977
0.209036
0.209036
0.209070
0.209070
0.210260
0.210260
0.210472
0.211280
0.211280
0.211294
0.211294
0.211317
0.211317
0.211846
0.211846
0.212569
0.212569
0.212888
0.212888
0.213162
0.213181
0.213476
0.213767
0.215189
0.215189
0.215352
0.215352
0.215370
0.215370
0.215615
0.215615
0.215731
0.215731
0.216355
0.216800
0.216800
0.216905
0.216905
0.217181
0.217181
0.217956
0.217956
0.218049
0.218049
0.218102
0.218102
0.218524
0.218524
0.218966
0.219002
0.219002
0.219964
0.220503
0.220503
0.221005
0.221071
0.221071
0.221086
0.221086
0.221336
0.221336
0.221683
0.221683
0.221713
0.221713
0.222386
0.222386
0.222687
0.224134
0.224196
0.224196
0.224382
0.224382
0.224658
0.224658
0.225097
0.225097
0.225855
0.225855
0.226515
0.226515
0.226622
0.227159
0.227674
0.227674
0.227674
0.227674
0.227786
0.228471
0.228471
0.228692
0.228692
0.230123
0.230230
0.230230
0.231294
0.231294
0.232003
0.232003
0.232492
0.232492
0.232906
0.233336
0.233336
0.233453
0.233453
0.233959
0.234771
0.235455
0.235455
0.235829
0.235928
0.235928
0.235932
0.235932
0.236246
0.236246
0.236356
0.236356
0.236516
0.236516
0.236704
0.236704
0.238400
0.238400
0.238585
0.239404
0.239996
0.240018
0.240018
0.240367
0.240367
0.240738
0.240738
0.240812
0.240812
0.243242
0.243462
0.244019
0.244109
0.244109
0.244202
0.244202
0.244336
0.244336
0.244515
0.244515
0.245521
0.245521
0.245588
0.245588
0.245980
0.245980
0.245984
0.245984
0.247391
0.247539
0.247539
0.247575
0.247575
0.247610
0.247610
0.247712
0.248154
0.248154
0.248171
0.248748
0.249221
0.249221
0.249673
0.249673
0.250264
0.250408
0.250775
0.250775
0.251055
0.251055
0.251055
0.251055
0.251222
0.251222
0.251934
0.251934
0.252014
0.252050
0.252057
0.252057
0.252349
0.252349
0.252443
0.252443
0.252636
0.252636
0.252697
0.252697
0.253286
0.253286
0.253772
0.253772
0.254122
0.254122
0.254415
0.254951
0.254951
0.254962
0.254962
0.255743
0.255743
0.256032
0.256032
0.256125
0.256125
0.256174
0.256174
0.256722
0.256722
0.256740
0.256740
0.257105
0.257220
0.257220
0.258080
0.258080
0.258087
0.258087
0.258268
0.258268
0.258344
0.258344
0.258780
0.258781
0.259067
0.259067
0.259389
0.259389
0.259742
0.259742
0.259768
0.259768
0.259951
0.259951
0.260045
0.260045
0.261331
0.261485
0.261485
0.262333
0.262333
0.262427
0.262427
0.263045
0.263045
0.263228
0.263228
0.263717
0.263717
0.263812
0.263991
0.263991
0.264182
0.264182
0.264914
0.264914
0.265644
0.265644
0.266772
0.266772
0.266902
0.266902
0.267173
0.267173
0.267958
0.267958
0.268042
0.268042
0.268076
0.268076
0.268606
0.268606
0.269058
0.269058
0.269832
0.269832
0.269884
0.269943
0.269943
0.270098
0.270163
0.270163
0.271058
0.271058
0.271635
0.271635
0.272092
0.272092
0.272139
0.272139
0.272416
0.272416
0.273109
0.273109
0.273485
0.273485
0.273500
0.273500
0.273553
0.273553
0.273911
0.273911
0.274133
0.274133
0.275971
0.275971
0.276058
0.276058
0.276144
0.277027
0.277027
0.277261
0.277261
0.277573
0.277573
0.277692
0.277692
0.278217
0.278217
0.278332
0.278891
0.278891
0.280843
0.280843
0.281110
0.281110
0.281573
0.281573
0.281812
0.281812
0.282431
0.282431
0.282591
0.282591
0.282701
0.282701
0.283115
0.283302
0.283302
0.283783
0.283783
0.284591
0.284591
0.284790
0.284790
0.285041
0.285041
0.285192
0.286804
0.286804
0.286881
0.286881
0.287691
0.287691
0.287755
0.287755
0.288120
0.288120
0.288122
0.288122
0.288342
0.288342
0.288491
0.288491
0.288980
0.288980
0.289456
0.289456
0.290532
0.290532
0.290609
0.290609
0.290785
0.291335
0.292121
0.292121
0.292652
0.292653
0.294134
0.294134
0.294905
0.294905
0.295108
0.295108
0.295848
0.295849
0.295890
0.295890
0.296198
0.296198
0.296274
0.296274
0.296565
0.296565
0.296870
0.298442
0.298544
0.298544
0.299527
0.299527
0.300673
0.300673
0.300757
0.300757
0.301038
0.301038
0.301215
0.301215
0.301243
0.301243
0.301297
0.301297
0.301348
0.301348
0.302498
0.302498
0.302525
0.302525
0.302626
0.302626
0.303669
0.304799
0.305087
0.305087
0.305573
0.305573
0.305976
0.305976
0.306801
0.306801
0.307050
0.307050
0.308229
0.308229
0.308761
0.308761
0.309104
0.309104
0.309343
0.310620
0.310875
0.310875
0.311616
0.311616
0.311686
0.311686
0.311883
0.311883
0.312719
0.312719
0.313306
0.313306
0.313805
0.313805
0.313891
0.313891
0.314841
0.315087
0.315087
0.315108
0.315108
0.315210
0.315210
0.315734
0.315734
0.315764
0.317750
0.317750
0.317891
0.317891
0.318854
0.318854
0.319162
0.319162
0.319833
0.320328
0.321729
0.321729
0.321880
0.321880
0.321945
0.321945
0.322036
0.322036
0.323797
0.323797
0.323855
0.323855
0.324139
0.324324
0.325042
0.325042
0.325055
0.325055
0.325395
0.325395
0.325550
0.325550
0.327687
0.327708
0.328164
0.328164
0.328288
0.328288
0.330185
0.330185
0.330251
0.330251
0.330422
0.330454
0.331414
0.331414
0.331432
0.331432
0.332405
0.332434
0.333614
0.333623
