-1.262914e+00
-1.255850e+00
-1.255850e+00
-1.234747e+00
-1.234746e+00
-1.199960e+00
-1.199960e+00
-1.152405e+00
-1.152405e+00
-1.094079e+00
-1.094079e+00
-1.029062e+00
-1.029062e+00
-9.665482e-01
-9.665482e-01
-9.341504e-01
-7.917861e-01
-7.662298e-01
-7.662298e-01
-7.220625e-01
-7.220623e-01
-6.810061e-01
-6.810061e-01
-6.455023e-01
-6.455022e-01
-6.152497e-01
-6.152497e-01
-5.911113e-01
-5.911110e-01
-5.751579e-01
-5.751579e-01
-5.695379e-01
-4.548428e-01
-4.481994e-01
-4.481994e-01
-4.442409e-01
-4.327855e-01
-4.327855e-01
-4.288064e-01
-4.288063e-01
-4.014580e-01
-4.014579e-01
-3.983080e-01
-3.983080e-01
-3.594815e-01
-3.594814e-01
-3.590009e-01
-3.590009e-01
-3.147842e-01
-3.147840e-01
-3.134464e-01
-3.134464e-01
-2.831195e-01
-2.831195e-01
-2.694598e-01
-2.693486e-01
-2.693484e-01
-2.684280e-01
-2.684280e-01
-2.664212e-01
-2.664209e-01
-2.192670e-01
-2.192670e-01
-1.831558e-01
-1.831557e-01
-1.801459e-01
-1.801459e-01
-1.792431e-01
-1.792431e-01
-1.784195e-01
-1.770046e-01
-1.702337e-01
-1.659018e-01
-1.659017e-01
-1.459999e-01
-1.459999e-01
-1.361173e-01
-1.361173e-01
-1.285652e-01
-1.285650e-01
-1.008098e-01
-1.008098e-01
-9.873278e-02
-8.559003e-02
-8.558980e-02
-5.552037e-02
-5.552037e-02
-2.854070e-02
-2.854061e-02
-6.772873e-03
-6.772873e-03
9.253467e-03
9.253567e-03
1.916230e-02
1.916230e-02
2.253492e-02
2.099074e-01
2.120643e-01
2.130899e-01
2.130899e-01
2.135580e-01
2.135580e-01
2.181330e-01
2.181334e-01
2.213453e-01
2.213456e-01
2.254655e-01
2.254655e-01
2.307968e-01
2.307968e-01
2.326879e-01
2.326881e-01
2.574462e-01
2.574463e-01
2.583567e-01
2.583567e-01
2.653598e-01
2.653598e-01
2.662318e-01
2.662321e-01
2.727865e-01
2.727865e-01
2.735343e-01
2.735343e-01
2.752062e-01
2.790127e-01
2.790127e-01
2.809151e-01
