-1.489139
-1.481165
-1.481165
-1.457075
-1.457075
-1.416523
-1.416523
-1.359466
-1.359465
-1.287524
-1.287524
-1.234735
-1.228174
-1.228174
-1.221818
-1.221818
-1.170467
-1.170467
-1.155240
-1.155240
-1.105443
-1.105443
-1.087211
-1.087211
-1.043995
-1.043995
-0.997198
-0.981054
-0.981054
-0.960457
-0.940930
-0.940930
-0.932790
-0.869014
-0.869014
-0.843361
-0.843361
-0.825425
-0.825425
-0.823815
-0.823815
-0.792519
-0.792519
-0.780583
-0.778101
-0.778101
-0.760441
-0.760441
-0.730898
-0.676758
-0.676758
-0.666703
-0.666703
-0.649697
-0.649697
-0.638879
-0.629761
-0.629761
-0.610276
-0.610276
-0.564616
-0.564615
-0.559555
-0.559555
-0.557255
-0.549384
-0.549384
-0.528272
-0.528272
-0.518456
-0.518456
-0.517847
-0.514477
-0.514477
-0.514433
-0.514433
-0.508663
-0.508663
-0.508041
-0.508041
-0.458791
-0.458791
-0.454678
-0.454678
-0.444861
-0.444861
-0.441961
-0.421176
-0.421176
-0.391938
-0.386845
-0.386845
-0.372208
-0.372208
-0.367060
-0.367060
-0.348214
-0.348214
-0.320346
-0.320346
-0.307862
-0.307861
-0.299493
-0.296343
-0.296343
-0.289638
-0.289638
-0.288710
-0.288710
-0.283536
-0.283536
-0.277402
-0.277402
-0.267115
-0.267115
-0.257830
-0.257830
-0.256239
-0.256239
-0.251956
-0.251956
-0.240206
-0.240206
-0.234654
-0.231366
-0.230083
-0.230083
-0.218478
-0.196334
-0.196333
-0.195678
-0.195678
-0.194401
-0.194401
-0.194065
-0.188579
-0.188579
-0.175856
-0.175856
-0.161175
-0.161175
-0.149114
-0.149114
-0.144105
-0.120804
-0.112800
-0.112800
-0.103511
-0.094760
-0.094760
-0.083289
-0.083289
-0.074025
-0.074025
-0.053800
-0.053800
-0.045839
-0.045839
-0.035507
-0.035507
-0.020396
-0.020396
-0.010318
-0.010318
-0.009281
-0.009281
-0.006753
0.021242
0.021242
0.044142
0.044142
0.059100
0.059100
0.067001
0.067001
0.069377
0.192947
0.192947
0.193291
0.193291
0.194764
0.197206
0.197206
0.197277
0.197277
0.197696
0.197696
0.202003
0.202003
0.204075
0.204100
0.204100
0.205950
0.205950
0.206478
0.206478
0.215984
0.215984
0.216257
0.221251
0.222894
0.222894
0.222942
0.222942
0.226287
0.226287
0.227769
0.230449
0.230449
0.232508
0.233278
0.233278
0.236605
0.236605
0.239684
0.239684
0.242614
0.242614
0.243497
0.243497
0.248954
0.248955
0.254459
0.254459
0.255185
0.256104
0.256104
0.258529
0.258529
0.265535
0.265535
0.266750
0.266750
0.270201
0.270201
0.273655
0.273655
0.276029
0.281599
0.281599
0.282922
0.282922
0.294071
0.294071
0.296250
0.296250
0.303168
0.303168
0.307524
0.307524
0.309124
0.309124
0.311206
0.314660
0.314660
0.317098
