-1.570720
-1.562940
-1.562940
-1.555026
-1.547071
-1.547071
-1.539244
-1.539244
-1.527956
-1.522897
-1.522897
-1.519758
-1.519758
-1.498720
-1.498720
-1.494928
-1.494928
-1.488498
-1.481735
-1.481735
-1.480048
-1.480048
-1.454559
-1.454559
-1.452916
-1.452916
-1.440386
-1.440386
-1.435844
-1.427201
-1.427201
-1.422834
-1.422834
-1.411786
-1.411786
-1.401250
-1.401250
-1.393288
-1.393288
-1.369800
-1.363766
-1.363766
-1.361083
-1.361083
-1.358494
-1.358494
-1.351496
-1.351496
-1.345374
-1.345374
-1.335096
-1.335096
-1.316499
-1.316499
-1.297432
-1.297432
-1.291361
-1.291361
-1.291113
-1.282510
-1.282510
-1.274258
-1.274258
-1.269734
-1.269734
-1.258698
-1.258698
-1.250206
-1.250206
-1.231542
-1.231542
-1.222633
-1.222633
-1.220123
-1.220123
-1.214569
-1.214569
-1.201729
-1.193660
-1.193660
-1.180999
-1.180999
-1.169449
-1.169449
-1.161008
-1.161008
-1.154999
-1.154999
-1.154041
-1.154041
-1.144113
-1.144113
-1.129846
-1.129846
-1.126937
-1.126937
-1.115357
-1.115357
-1.105245
-1.098874
-1.098874
-1.083232
-1.083232
-1.074047
-1.074047
-1.070505
-1.070505
-1.060806
-1.060806
-1.060315
-1.051709
-1.051709
-1.040856
-1.031419
-1.031419
-1.026331
-1.026331
-1.016791
-1.016627
-1.006345
-0.999464
-0.995200
-0.995200
-0.994553
-0.994553
-0.993817
-0.993817
-0.988553
-0.973630
-0.973630
-0.973545
-0.973545
-0.971604
-0.969328
-0.969328
-0.962506
-0.937589
-0.937589
-0.927550
-0.926747
-0.922739
-0.922739
-0.921459
-0.911244
-0.911244
-0.906747
-0.906747
-0.902026
-0.902026
-0.900688
-0.900688
-0.896505
-0.896505
-0.883381
-0.879211
-0.879211
-0.878023
-0.878023
-0.869312
-0.869312
-0.859727
-0.859727
-0.847026
-0.847026
-0.842354
-0.842354
-0.841863
-0.841863
-0.830230
-0.827213
-0.825360
-0.825360
-0.803955
-0.803177
-0.803177
-0.784707
-0.784707
-0.783984
-0.783984
-0.782895
-0.782895
-0.778355
-0.778355
-0.769187
-0.769187
-0.768960
-0.764401
-0.764401
-0.763768
-0.763768
-0.761551
-0.761551
-0.758081
-0.758081
-0.756335
-0.747157
-0.747157
-0.732091
-0.730443
-0.730443
-0.709776
-0.709776
-0.706441
-0.706441
-0.701084
-0.699325
-0.699325
-0.696171
-0.696171
-0.691690
-0.691690
-0.680717
-0.680717
-0.673724
-0.671663
-0.671663
-0.664560
-0.664560
-0.663465
-0.663465
-0.662795
-0.662795
-0.662199
-0.662199
-0.662155
-0.658201
-0.658201
-0.646107
-0.646107
-0.639384
-0.639384
-0.631988
-0.631988
-0.628699
-0.625795
-0.625795
-0.623984
-0.623984
-0.621310
-0.621310
-0.616457
-0.607156
-0.607156
-0.599749
-0.599749
-0.599570
-0.597057
-0.596201
-0.596201
-0.595984
-0.591683
-0.591683
-0.589476
-0.589476
-0.586127
-0.586127
-0.582669
-0.582669
-0.582150
-0.582150
-0.581216
-0.581216
-0.580625
-0.580625
-0.574215
-0.574215
-0.574124
-0.574124
-0.570768
-0.570768
-0.569447
-0.569447
-0.568821
-0.563609
-0.563609
-0.561914
-0.561914
-0.560295
-0.560295
-0.555085
-0.555085
-0.554611
-0.554611
-0.554405
-0.549683
-0.549683
-0.546597
-0.546597
-0.545123
-0.543935
-0.543935
-0.539085
-0.539085
-0.537658
-0.535658
-0.535658
-0.534821
-0.534821
-0.529965
-0.526392
-0.526392
-0.526378
-0.526378
-0.526121
-0.526121
-0.525792
-0.525792
-0.525091
-0.525091
-0.524609
-0.524609
-0.523412
-0.523412
-0.523110
-0.523110
-0.518449
-0.518449
-0.515515
-0.515515
-0.514753
-0.514753
-0.512165
-0.512165
-0.509994
-0.509994
-0.507890
-0.507890
-0.505371
-0.505371
-0.498704
-0.493671
-0.493671
-0.488337
-0.488337
-0.484011
-0.484011
-0.481268
-0.478357
-0.478357
-0.476996
-0.476996
-0.471532
-0.471532
-0.470707
-0.470707
-0.470321
-0.470321
-0.464265
-0.464265
-0.462857
-0.457297
-0.457297
-0.453236
-0.453236
-0.453192
-0.453192
-0.446870
-0.446869
-0.444240
-0.444240
-0.442642
-0.442642
-0.441627
-0.441627
-0.436467
-0.436467
-0.435698
-0.435698
-0.430420
-0.429766
-0.429766
-0.427374
-0.427374
-0.421213
-0.421011
-0.421011
-0.420410
-0.420410
-0.417635
-0.417635
-0.414505
-0.414504
-0.412936
-0.410818
-0.410818
-0.409350
-0.409350
-0.404402
-0.404402
-0.401512
-0.401512
-0.401232
-0.401232
-0.392259
-0.392259
-0.390286
-0.390286
-0.387580
-0.387580
-0.384034
-0.384034
-0.382428
-0.382428
-0.377804
-0.374490
-0.374490
-0.374357
-0.372255
-0.372255
-0.370388
-0.370388
-0.369762
-0.369762
-0.364169
-0.364169
-0.360864
-0.360864
-0.355953
-0.355953
-0.354131
-0.349074
-0.349074
-0.348847
-0.348847
-0.347842
-0.347842
-0.343526
-0.343526
-0.337653
-0.337653
-0.336790
-0.334641
-0.334641
-0.332195
-0.332194
-0.321791
-0.321791
-0.321735
-0.321405
-0.321405
-0.321224
-0.321224
-0.319104
-0.319104
-0.314859
-0.314859
-0.311768
-0.311446
-0.311446
-0.308461
-0.308461
-0.306717
-0.301235
-0.301235
-0.296531
-0.296531
-0.292633
-0.292633
-0.291987
-0.291987
-0.289726
-0.289726
-0.280752
-0.280752
-0.280450
-0.280450
-0.279642
-0.279642
-0.274945
-0.274945
-0.273116
-0.273116
-0.272054
-0.272054
-0.272045
-0.272045
-0.272024
-0.272024
-0.271084
-0.269878
-0.269878
-0.269688
-0.267631
-0.267631
-0.267412
-0.267412
-0.263101
-0.263101
-0.260296
-0.260296
-0.259787
-0.259787
-0.257925
-0.256412
-0.255604
-0.252829
-0.252829
-0.252692
-0.252692
-0.240918
-0.240918
-0.239062
-0.231902
-0.231902
-0.223183
-0.218860
-0.218860
-0.214242
-0.210717
-0.210717
-0.190753
-0.190753
-0.186796
-0.186796
-0.186775
-0.186775
-0.185678
-0.181261
-0.177586
-0.177586
-0.177585
-0.177585
-0.168862
-0.168862
-0.168698
-0.168698
-0.167499
-0.163204
-0.146511
-0.145292
-0.122753
-0.122753
-0.115841
-0.113902
-0.113902
-0.112973
-0.106792
-0.106792
-0.093511
-0.093511
-0.093104
-0.092076
-0.092076
-0.089712
-0.089712
-0.077764
-0.077764
-0.077656
-0.077476
-0.077476
-0.077060
-0.075358
-0.075358
-0.074388
-0.074388
-0.074304
-0.074304
-0.074185
-0.074185
-0.070008
-0.070008
-0.067559
-0.061649
-0.061649
-0.060034
-0.060034
-0.059786
-0.059786
-0.055966
-0.055966
-0.055229
-0.055229
-0.052608
-0.052608
-0.051319
-0.051319
-0.045756
-0.045756
-0.043229
-0.039540
-0.039540
-0.038933
-0.038933
-0.037998
-0.037998
-0.034292
-0.034292
-0.024980
-0.024980
-0.024461
-0.024461
-0.019206
-0.019206
-0.016923
-0.016923
-0.014663
-0.014663
-0.013364
-0.013364
-0.011159
-0.010932
-0.010932
-0.001835
-0.001835
0.002896
0.002896
0.010589
0.010589
0.011017
0.011017
0.011419
0.011419
0.013618
0.013618
0.017418
0.019036
0.019036
0.027581
0.027581
0.028418
0.028418
0.033083
0.033083
0.037974
0.037974
0.041582
0.041582
0.041650
0.048526
0.048526
0.049595
0.049595
0.050834
0.050834
0.057801
0.057801
0.061009
0.063902
0.063902
0.065219
0.065219
0.071868
0.071868
0.072907
0.072907
0.075347
0.077366
0.077366
0.083387
0.083387
0.084732
0.084732
0.084896
0.089470
0.089470
0.090181
0.180020
0.180434
0.180434
0.181214
0.181214
0.182323
0.182323
0.182570
0.183620
0.183620
0.184459
0.184459
0.185046
0.185046
0.185730
0.185730
0.185737
0.185737
0.186486
0.186486
0.187137
0.187137
0.187389
0.187389
0.187562
0.187734
0.187895
0.187895
0.188242
0.188242
0.188923
0.188923
0.189193
0.189193
0.189335
0.189335
0.190008
0.190008
0.191064
0.191064
0.191212
0.191212
0.191415
0.191415
0.191505
0.191505
0.191854
0.191906
0.191906
0.192005
0.192005
0.193247
0.193247
0.193624
0.193624
0.193679
0.193679
0.193801
0.193801
0.194097
0.194097
0.194675
0.194675
0.195888
0.195888
0.196218
0.196218
0.197814
0.197936
0.197936
0.198441
0.198441
0.199224
0.199224
0.199290
0.199290
0.199910
0.199910
0.201212
0.201212
0.201828
0.201828
0.201854
0.202256
0.202256
0.203002
0.203002
0.203298
0.203298
0.203664
0.203926
0.203962
0.203962
0.204592
0.204867
0.205248
0.205248
0.205440
0.205572
0.205572
0.205847
0.206137
0.206137
0.207133
0.207133
0.207507
0.207507
0.208667
0.209704
0.209704
0.209945
0.210207
0.210207
0.210776
0.210776
0.211376
0.211376
0.212559
0.215489
0.215489
0.216230
0.216230
0.216544
0.216544
0.216829
0.216829
0.216913
0.216913
0.217864
0.217864
0.217881
0.217881
0.218725
0.219928
0.219928
0.220605
0.221682
0.221754
0.221754
0.221877
0.221877
0.222730
0.223518
0.223518
0.224796
0.224796
0.224816
0.224816
0.226444
0.226444
0.226727
0.226727
0.226751
0.226751
0.227296
0.228553
0.228553
0.233144
0.233263
0.233263
0.233516
0.233516
0.233796
0.233851
0.233851
0.234627
0.234832
0.234832
0.238759
0.238759
0.239509
0.239510
0.239634
0.239634
0.240108
0.240108
0.242606
0.242606
0.242888
0.242888
0.242967
0.244007
0.244232
0.244645
0.245506
0.245506
0.245616
0.245616
0.245802
0.245802
0.246991
0.246991
0.248654
0.248654
0.249747
0.249747
0.250419
0.250452
0.251046
0.251046
0.251286
0.251287
0.252950
0.252950
0.253321
0.253321
0.253377
0.253377
0.253595
0.253595
0.253811
0.253811
0.254360
0.254488
0.254488
0.255028
0.255028
0.255171
0.255171
0.258361
0.258361
0.258423
0.258423
0.258675
0.258675
0.258792
0.258792
0.260102
0.260102
0.260392
0.262184
0.262184
0.262562
0.262562
0.263775
0.263775
0.264211
0.264212
0.264272
0.264272
0.265281
0.265281
0.266744
0.266744
0.266815
0.266815
0.267438
0.267438
0.267709
0.267709
0.268139
0.268139
0.269701
0.270141
0.270141
0.272105
0.272105
0.272249
0.272249
0.272868
0.273206
0.273206
0.274226
0.274226
0.274776
0.274776
0.277284
0.277284
0.278386
0.278386
0.278946
0.278946
0.279016
0.279016
0.279336
0.279336
0.281613
0.281613
0.282150
0.282150
0.282263
0.282263
0.284413
0.284413
0.284999
0.286238
0.286790
0.286790
0.286985
0.286985
0.287627
0.287627
0.288206
0.288206
0.288768
0.288768
0.290532
0.290532
0.291470
0.291470
0.292115
0.292115
0.294239
0.294239
0.295910
0.295910
0.296671
0.296671
0.296809
0.298553
0.298553
0.300726
0.300815
0.300815
0.300966
0.300966
0.301084
0.301084
0.301513
0.301513
0.302117
0.302117
0.302341
0.302341
0.307141
0.307141
0.308809
0.308809
0.309462
0.309462
0.309479
0.309570
0.309570
0.311594
0.311594
0.311807
0.311807
0.311916
0.313817
0.313817
0.313984
0.313984
0.317668
0.317668
0.318820
0.318820
0.319172
0.319172
0.319273
0.319273
0.319840
0.321173
0.323853
0.323853
0.323907
0.323907
0.325485
0.325485
0.325865
0.325865
0.327645
0.328149
0.330236
0.330236
0.330306
0.330306
0.332418
0.332525
