-1.575534
-1.574587
-1.573003
-1.570776
-1.567896
-1.567813
-1.567813
-1.566852
-1.566852
-1.565246
-1.565246
-1.564349
-1.562987
-1.562987
-1.560120
-1.560067
-1.560067
-1.556473
-1.556473
-1.555194
-1.552190
-1.552190
-1.549552
-1.547204
-1.547204
-1.544277
-1.544277
-1.543278
-1.543278
-1.543174
-1.541609
-1.541609
-1.541496
-1.541496
-1.539263
-1.539263
-1.536233
-1.536233
-1.536040
-1.535048
-1.535048
-1.532508
-1.532508
-1.528129
-1.528075
-1.528075
-1.527840
-1.527840
-1.522922
-1.522922
-1.519853
-1.519853
-1.519421
-1.517033
-1.517033
-1.511068
-1.511068
-1.510393
-1.510393
-1.509895
-1.503972
-1.503972
-1.502984
-1.502984
-1.502919
-1.502919
-1.501467
-1.501467
-1.501161
-1.501161
-1.499535
-1.498694
-1.498694
-1.495510
-1.495510
-1.494791
-1.494791
-1.491602
-1.491602
-1.491030
-1.491030
-1.488321
-1.486962
-1.486962
-1.485798
-1.485798
-1.481579
-1.481579
-1.479744
-1.479744
-1.476240
-1.475988
-1.475988
-1.475441
-1.475441
-1.468538
-1.468538
-1.467593
-1.467593
-1.465349
-1.465349
-1.463279
-1.460857
-1.460857
-1.454567
-1.454567
-1.453867
-1.453867
-1.452387
-1.452387
-1.449429
-1.445833
-1.445832
-1.444725
-1.444725
-1.443117
-1.443117
-1.442877
-1.442877
-1.441532
-1.441532
-1.440657
-1.440657
-1.440286
-1.440286
-1.436948
-1.436947
-1.434684
-1.433037
-1.433037
-1.432857
-1.432857
-1.428337
-1.428337
-1.428010
-1.428010
-1.425858
-1.425858
-1.422399
-1.422399
-1.422138
-1.422138
-1.419042
-1.416018
-1.416018
-1.414275
-1.414275
-1.410413
-1.410413
-1.410171
-1.410171
-1.408861
-1.408860
-1.402505
-1.400920
-1.400919
-1.399345
-1.399345
-1.397859
-1.397859
-1.393596
-1.393596
-1.392189
-1.392189
-1.385079
-1.384476
-1.384476
-1.383550
-1.383550
-1.382664
-1.382664
-1.376142
-1.376142
-1.372339
-1.372339
-1.370287
-1.370287
-1.369361
-1.369361
-1.368202
-1.368202
-1.366895
-1.366895
-1.366775
-1.366297
-1.366297
-1.363600
-1.363600
-1.361210
-1.361210
-1.360183
-1.360183
-1.357821
-1.357821
-1.355931
-1.355931
-1.355247
-1.355247
-1.350873
-1.350873
-1.349391
-1.349391
-1.349277
-1.349277
-1.347611
-1.345227
-1.345227
-1.339309
-1.339309
-1.338649
-1.338649
-1.338623
-1.338623
-1.336539
-1.336538
-1.331228
-1.331228
-1.331053
-1.331053
-1.327606
-1.323884
-1.323884
-1.322997
-1.322997
-1.321901
-1.321901
-1.318648
-1.318648
-1.314410
-1.314410
-1.311906
-1.311906
-1.308658
-1.308658
-1.306788
-1.305058
-1.305058
-1.304663
-1.304663
-1.297847
-1.297847
-1.294115
-1.294115
-1.293528
-1.293528
-1.291983
-1.291983
-1.287182
-1.287182
-1.285189
-1.282522
-1.282522
-1.277619
-1.277619
-1.276276
-1.276276
-1.275336
-1.275335
-1.274188
-1.274188
-1.272234
-1.272234
-1.271669
-1.271669
-1.271418
-1.271418
-1.269427
-1.269427
-1.267018
-1.267018
-1.266047
-1.266047
-1.262845
-1.261747
-1.261746
-1.260945
-1.260945
-1.258521
-1.258521
-1.256839
-1.256839
-1.253976
-1.253976
-1.250968
-1.250968
-1.249940
-1.249940
-1.247670
-1.247670
-1.244862
-1.244862
-1.244251
-1.244251
-1.243527
-1.243526
-1.239801
-1.237233
-1.237232
-1.230992
-1.230992
-1.230458
-1.230458
-1.229046
-1.229046
-1.227767
-1.227767
-1.227449
-1.227449
-1.225389
-1.225388
-1.220014
-1.220014
-1.216106
-1.215231
-1.215231
-1.211062
-1.211062
-1.207378
-1.207378
-1.206819
-1.206819
-1.206563
-1.206563
-1.204545
-1.204545
-1.200472
-1.200472
-1.198991
-1.198991
-1.191815
-1.189264
-1.189264
-1.187095
-1.187095
-1.186637
-1.186637
-1.183210
-1.183210
-1.182142
-1.182142
-1.180987
-1.180987
-1.176788
-1.176787
-1.167921
-1.167921
-1.167043
-1.167043
-1.166992
-1.166546
-1.166546
-1.165744
-1.165744
-1.165407
-1.165407
-1.163481
-1.163481
-1.160930
-1.160930
-1.160310
-1.160310
-1.158522
-1.158522
-1.157386
-1.157386
-1.156931
-1.156931
-1.153099
-1.153099
-1.152210
-1.152210
-1.149655
-1.149655
-1.148338
-1.148338
-1.146503
-1.146503
-1.142610
-1.142610
-1.141709
-1.138126
-1.138126
-1.138106
-1.138106
-1.136707
-1.136707
-1.133300
-1.133300
-1.132936
-1.132936
-1.131095
-1.131095
-1.129255
-1.129255
-1.125646
-1.125646
-1.123050
-1.123050
-1.121317
-1.121317
-1.116053
-1.115430
-1.115430
-1.113439
-1.113439
-1.112127
-1.112127
-1.111255
-1.111255
-1.107281
-1.107281
-1.105179
-1.105179
-1.104864
-1.104864
-1.103946
-1.103946
-1.093937
-1.093937
-1.093698
-1.093698
-1.092890
-1.092890
-1.092877
-1.092877
-1.090138
-1.085479
-1.085479
-1.084902
-1.084902
-1.081935
-1.081935
-1.080389
-1.080389
-1.076807
-1.076807
-1.073948
-1.073948
-1.072845
-1.072845
-1.072161
-1.072161
-1.066189
-1.065052
-1.064057
-1.062617
-1.060922
-1.060922
-1.059443
-1.059442
-1.059364
-1.057580
-1.057580
-1.055847
-1.055847
-1.055545
-1.053518
-1.053518
-1.050574
-1.048008
-1.048008
-1.045219
-1.044509
-1.044509
-1.041783
-1.041783
-1.041287
-1.041287
-1.038435
-1.037900
-1.036727
-1.036727
-1.034828
-1.034828
-1.030675
-1.028211
-1.028211
-1.023286
-1.022710
-1.022710
-1.019777
-1.019165
-1.018140
-1.017622
-1.017621
-1.017441
-1.017441
-1.016700
-1.014835
-1.014196
-1.014196
-1.014105
-1.012538
-1.011757
-1.009797
-1.008404
-1.008404
-1.007891
-1.007891
-1.006603
-1.006011
-1.006011
-1.003890
-1.003066
-1.003066
-1.002941
-0.999887
-0.999887
-0.999456
-0.999456
-0.998798
-0.995899
-0.995899
-0.994906
-0.994159
-0.993233
-0.993233
-0.989010
-0.985075
-0.984815
-0.984815
-0.983517
-0.983363
-0.983363
-0.983337
-0.980981
-0.980981
-0.978539
-0.978539
-0.977802
-0.977802
-0.977124
-0.975556
-0.975556
-0.974595
-0.974595
-0.971643
-0.970358
-0.964777
-0.964777
-0.964552
-0.964552
-0.963027
-0.962763
-0.961747
-0.961747
-0.957433
-0.955548
-0.955548
-0.955118
-0.954290
-0.954290
-0.950270
-0.950270
-0.949288
-0.949288
-0.948446
-0.947455
-0.947455
-0.946621
-0.944531
-0.944531
-0.938328
-0.938328
-0.937529
-0.936620
-0.935819
-0.931400
-0.931400
-0.930534
-0.930534
-0.930117
-0.930117
-0.927833
-0.925306
-0.925306
-0.924876
-0.924876
-0.923938
-0.923861
-0.923861
-0.918823
-0.917531
-0.914804
-0.914804
-0.914210
-0.913070
-0.913070
-0.912834
-0.912834
-0.912222
-0.912222
-0.910898
-0.910898
-0.910771
-0.909268
-0.909268
-0.906907
-0.906907
-0.906621
-0.906609
-0.906609
-0.905585
-0.905584
-0.904689
-0.904689
-0.902681
-0.902681
-0.902654
-0.902654
-0.900938
-0.900938
-0.899757
-0.899757
-0.897109
-0.897109
-0.895103
-0.893596
-0.893596
-0.893093
-0.893093
-0.891175
-0.891175
-0.888008
-0.888008
-0.884641
-0.884641
-0.882981
-0.881550
-0.881550
-0.881192
-0.881192
-0.881051
-0.881051
-0.880861
-0.880861
-0.877503
-0.877503
-0.875173
-0.875173
-0.873701
-0.873701
-0.870826
-0.870826
-0.870261
-0.867455
-0.867455
-0.866838
-0.866838
-0.862694
-0.862694
-0.859031
-0.859031
-0.858874
-0.858874
-0.856953
-0.856472
-0.856472
-0.856068
-0.856068
-0.855675
-0.855675
-0.851445
-0.851445
-0.851366
-0.851366
-0.851051
-0.850081
-0.850081
-0.849784
-0.847875
-0.847875
-0.844013
-0.844013
-0.843691
-0.843691
-0.843070
-0.839362
-0.836745
-0.836745
-0.835537
-0.835537
-0.834998
-0.831555
-0.831555
-0.831311
-0.831311
-0.828627
-0.828580
-0.828580
-0.823498
-0.819958
-0.819958
-0.818992
-0.818992
-0.817325
-0.814483
-0.814483
-0.813644
-0.807181
-0.807181
-0.806953
-0.806953
-0.806688
-0.806688
-0.804383
-0.800722
-0.800722
-0.799496
-0.798140
-0.796360
-0.796360
-0.792959
-0.792959
-0.787937
-0.787937
-0.785632
-0.785632
-0.785097
-0.785097
-0.784593
-0.784593
-0.784181
-0.784181
-0.783588
-0.783588
-0.783063
-0.782989
-0.782989
-0.782813
-0.782813
-0.782358
-0.782358
-0.782300
-0.782300
-0.782143
-0.781649
-0.781336
-0.781336
-0.779626
-0.779626
-0.777213
-0.777213
-0.776654
-0.776654
-0.775613
-0.775613
-0.773411
-0.773411
-0.773043
-0.773043
-0.772814
-0.772814
-0.772127
-0.772127
-0.771977
-0.771977
-0.768491
-0.768491
-0.766389
-0.766389
-0.765679
-0.765176
-0.765176
-0.764123
-0.764123
-0.763554
-0.763478
-0.763478
-0.761868
-0.761868
-0.761310
-0.761310
-0.761028
-0.760538
-0.760538
-0.759744
-0.759744
-0.759289
-0.759289
-0.758250
-0.758250
-0.756462
-0.756462
-0.750762
-0.750762
-0.750231
-0.750231
-0.748779
-0.747524
-0.747524
-0.745036
-0.742207
-0.742207
-0.742084
-0.742084
-0.739332
-0.736570
-0.736570
-0.736544
-0.736544
-0.734652
-0.734652
-0.731477
-0.730064
-0.730064
-0.728301
-0.728301
-0.725932
-0.723250
-0.723250
-0.722302
-0.722302
-0.720476
-0.720476
-0.718546
-0.714768
-0.714768
-0.713809
-0.713794
-0.713794
-0.711632
-0.711632
-0.707921
-0.707921
-0.706166
-0.704681
-0.704681
-0.701985
-0.701985
-0.701760
-0.701760
-0.698753
-0.697391
-0.697391
-0.695813
-0.694269
-0.694269
-0.693755
-0.693755
-0.693265
-0.693265
-0.690123
-0.690123
-0.689338
-0.689337
-0.688979
-0.688979
-0.688879
-0.688879
-0.687492
-0.687492
-0.685965
-0.682970
-0.682970
-0.682838
-0.682838
-0.681357
-0.681357
-0.679700
-0.679330
-0.679330
-0.678095
-0.678095
-0.677532
-0.676421
-0.676421
-0.675888
-0.675888
-0.672894
-0.672894
-0.671653
-0.671653
-0.671005
-0.671005
-0.667944
-0.667944
-0.665816
-0.665617
-0.665617
-0.665521
-0.665521
-0.664437
-0.664437
-0.663877
-0.663877
-0.663646
-0.663646
-0.663240
-0.663240
-0.662989
-0.662989
-0.662800
-0.662800
-0.662111
-0.662111
-0.661739
-0.661739
-0.661137
-0.660958
-0.660958
-0.660917
-0.660917
-0.660388
-0.660388
-0.660298
-0.660298
-0.660248
-0.660248
-0.660072
-0.660072
-0.659010
-0.658751
-0.658751
-0.658282
-0.658282
-0.654133
-0.654133
-0.650496
-0.650496
-0.649334
-0.649334
-0.647675
-0.647675
-0.647107
-0.647107
-0.646165
-0.645966
-0.645966
-0.642948
-0.640697
-0.640697
-0.640641
-0.640641
-0.640291
-0.636677
-0.636677
-0.636499
-0.636499
-0.635751
-0.635751
-0.630310
-0.630310
-0.628820
-0.628820
-0.627816
-0.627816
-0.627522
-0.627522
-0.627323
-0.625112
-0.623245
-0.623245
-0.622285
-0.622027
-0.622027
-0.621425
-0.620977
-0.619171
-0.619171
-0.618808
-0.617964
-0.617964
-0.615781
-0.613225
-0.613225
-0.613198
-0.613198
-0.612876
-0.612876
-0.611932
-0.611761
-0.611761
-0.611593
-0.611593
-0.609983
-0.609982
-0.609772
-0.609772
-0.609493
-0.609464
-0.609464
-0.607700
-0.607188
-0.606492
-0.606492
-0.604710
-0.604710
-0.603509
-0.603509
-0.603306
-0.603306
-0.603028
-0.603028
-0.602781
-0.602781
-0.602461
-0.602090
-0.602090
-0.601724
-0.601359
-0.601359
-0.601317
-0.601317
-0.598099
-0.598099
-0.598058
-0.598058
-0.598049
-0.598049
-0.597250
-0.597250
-0.596976
-0.596976
-0.595494
-0.595242
-0.595242
-0.594375
-0.594375
-0.593958
-0.593958
-0.592878
-0.592702
-0.592702
-0.592498
-0.592498
-0.591709
-0.591709
-0.590690
-0.589864
-0.589864
-0.588661
-0.588661
-0.588420
-0.587769
-0.587769
-0.586750
-0.586750
-0.586001
-0.586001
-0.585839
-0.585839
-0.584951
-0.584951
-0.584932
-0.584932
-0.584792
-0.584792
-0.583453
-0.583327
-0.583327
-0.582761
-0.582761
-0.581760
-0.581760
-0.580715
-0.579999
-0.579999
-0.579882
-0.579882
-0.579705
-0.579705
-0.578625
-0.578625
-0.577753
-0.576753
-0.576753
-0.576677
-0.576677
-0.576572
-0.576572
-0.576091
-0.576091
-0.575945
-0.575945
-0.574757
-0.574757
-0.574218
-0.573466
-0.573466
-0.572282
-0.572138
-0.572138
-0.572098
-0.572098
-0.570966
-0.570966
-0.569764
-0.569764
-0.569454
-0.569454
-0.568603
-0.568603
-0.567395
-0.567395
-0.567106
-0.567106
-0.565828
-0.565828
-0.565077
-0.565077
-0.564879
-0.564879
-0.564455
-0.564218
-0.563916
-0.563916
-0.563474
-0.563473
-0.563163
-0.562154
-0.562153
-0.562146
-0.562146
-0.561480
-0.561480
-0.561235
-0.561235
-0.561194
-0.561194
-0.561163
-0.561163
-0.561108
-0.561107
-0.561095
-0.561095
-0.561091
-0.561091
-0.559899
-0.559899
-0.558962
-0.558962
-0.558733
-0.558733
-0.558723
-0.556709
-0.556709
-0.555100
-0.555100
-0.555086
-0.555086
-0.555027
-0.555027
-0.553920
-0.553919
-0.553587
-0.553337
-0.553337
-0.552483
-0.552483
-0.552005
-0.552005
-0.551944
-0.549844
-0.549844
-0.548443
-0.548443
-0.548161
-0.548161
-0.547438
-0.547438
-0.547183
-0.547183
-0.546458
-0.546458
-0.545904
-0.545883
-0.545883
-0.545579
-0.545579
-0.545524
-0.545468
-0.545468
-0.544381
-0.544381
-0.544154
-0.544154
-0.543531
-0.543531
-0.543404
-0.541144
-0.541144
-0.540728
-0.540728
-0.540448
-0.540448
-0.540238
-0.540238
-0.539956
-0.539956
-0.539582
-0.537658
-0.537658
-0.537384
-0.537384
-0.537280
-0.536577
-0.536577
-0.536501
-0.536501
-0.535938
-0.535938
-0.535635
-0.535635
-0.534134
-0.534134
-0.533541
-0.533541
-0.532984
-0.532618
-0.532617
-0.531618
-0.530945
-0.530945
-0.530609
-0.530609
-0.529942
-0.529942
-0.529025
-0.529025
-0.528840
-0.528840
-0.528809
-0.528809
-0.528640
-0.527943
-0.527943
-0.526718
-0.526303
-0.526303
-0.526206
-0.526206
-0.525905
-0.525905
-0.525812
-0.525812
-0.525528
-0.525528
-0.525526
-0.525526
-0.525506
-0.525506
-0.525406
-0.525406
-0.525341
-0.525341
-0.525192
-0.525192
-0.525189
-0.525154
-0.525154
-0.524991
-0.524991
-0.524981
-0.524981
-0.524866
-0.524866
-0.524761
-0.524761
-0.524716
-0.524716
-0.524667
-0.524667
-0.524573
-0.524573
-0.524491
-0.524491
-0.524417
-0.524417
-0.524374
-0.524374
-0.523774
-0.523773
-0.523213
-0.523213
-0.522286
-0.522286
-0.522164
-0.522075
-0.522075
-0.521580
-0.521580
-0.521373
-0.521373
-0.520905
-0.520905
-0.520877
-0.520877
-0.519896
-0.519896
-0.518266
-0.518266
-0.517354
-0.517354
-0.517252
-0.517252
-0.516195
-0.516195
-0.514473
-0.514473
-0.512704
-0.512704
-0.512532
-0.512532
-0.512231
-0.512231
-0.511360
-0.511240
-0.510752
-0.510751
-0.510578
-0.510578
-0.510465
-0.510465
-0.508099
-0.507433
-0.507433
-0.506872
-0.506872
-0.504062
-0.504062
-0.503346
-0.503346
-0.502883
-0.502883
-0.502529
-0.502529
-0.502067
-0.502067
-0.500697
-0.499057
-0.499057
-0.499011
-0.498862
-0.498862
-0.498316
-0.498316
-0.495183
-0.495182
-0.494212
-0.494211
-0.493955
-0.493955
-0.493160
-0.493160
-0.491777
-0.491448
-0.491448
-0.490504
-0.490243
-0.490243
-0.489731
-0.489699
-0.489699
-0.488628
-0.488628
-0.487191
-0.487191
-0.487176
-0.487176
-0.486933
-0.486933
-0.485335
-0.485335
-0.483976
-0.483976
-0.482994
-0.482994
-0.482480
-0.482480
-0.482312
-0.482312
-0.481262
-0.481262
-0.480623
-0.480623
-0.480367
-0.480367
-0.479798
-0.479798
-0.479023
-0.479023
-0.478920
-0.478920
-0.478548
-0.478548
-0.477866
-0.477866
-0.476592
-0.476592
-0.475727
-0.475727
-0.475084
-0.475084
-0.474182
-0.474182
-0.473592
-0.473592
-0.473390
-0.473390
-0.473376
-0.473376
-0.473083
-0.473083
-0.472692
-0.472692
-0.472592
-0.472592
-0.471680
-0.470744
-0.470744
-0.468501
-0.468501
-0.467736
-0.467736
-0.466533
-0.466533
-0.466066
-0.466065
-0.464830
-0.464830
-0.463237
-0.463237
-0.461329
-0.461329
-0.461077
-0.461076
-0.460781
-0.460781
-0.460055
-0.460055
-0.458912
-0.458912
-0.458347
-0.458347
-0.457239
-0.457239
-0.456075
-0.456075
-0.454436
-0.454358
-0.454358
-0.454016
-0.452758
-0.452620
-0.452619
-0.452092
-0.452092
-0.449371
-0.449371
-0.448880
-0.448880
-0.448526
-0.448526
-0.447079
-0.447079
-0.445006
-0.445006
-0.444482
-0.444333
-0.444333
-0.444258
-0.444258
-0.442603
-0.442603
-0.441847
-0.441847
-0.439758
-0.439758
-0.439541
-0.439513
-0.439513
-0.439406
-0.439406
-0.438856
-0.438856
-0.436905
-0.436905
-0.436813
-0.436258
-0.436258
-0.435763
-0.435762
-0.434914
-0.434788
-0.434788
-0.434274
-0.434274
-0.433538
-0.433538
-0.432910
-0.432910
-0.432103
-0.432103
-0.431310
-0.431310
-0.431155
-0.431155
-0.431086
-0.431086
-0.429857
-0.429857
-0.429691
-0.429691
-0.429297
-0.429296
-0.428992
-0.428992
-0.428817
-0.428817
-0.427983
-0.427983
-0.427385
-0.427385
-0.427289
-0.425851
-0.425851
-0.425731
-0.425731
-0.425422
-0.425421
-0.424451
-0.424451
-0.424096
-0.424096
-0.423349
-0.423349
-0.423052
-0.422731
-0.422731
-0.422694
-0.422694
-0.420493
-0.420493
-0.420203
-0.420203
-0.420147
-0.419338
-0.419338
-0.418815
-0.418815
-0.417749
-0.417749
-0.416848
-0.416848
-0.416645
-0.416645
-0.415100
-0.415100
-0.414623
-0.413666
-0.413666
-0.412583
-0.412583
-0.411496
-0.411496
-0.410169
-0.409881
-0.409881
-0.409879
-0.409879
-0.409766
-0.409766
-0.409012
-0.409012
-0.408249
-0.408249
-0.407381
-0.407381
-0.405940
-0.405940
-0.405267
-0.405267
-0.404190
-0.404190
-0.404101
-0.404007
-0.404006
-0.403932
-0.403932
-0.403203
-0.403203
-0.402491
-0.402491
-0.402293
-0.402293
-0.402076
-0.401390
-0.401390
-0.400773
-0.400773
-0.400604
-0.400604
-0.398879
-0.398879
-0.398260
-0.398260
-0.396755
-0.395549
-0.395549
-0.395242
-0.395242
-0.394847
-0.394847
-0.394726
-0.394726
-0.394616
-0.394616
-0.391451
-0.391451
-0.391232
-0.391232
-0.391186
-0.391186
-0.390443
-0.390443
-0.389864
-0.389380
-0.389380
-0.389329
-0.389329
-0.388761
-0.387765
-0.387765
-0.386882
-0.386882
-0.386872
-0.386872
-0.386641
-0.386641
-0.385877
-0.385877
-0.384121
-0.384121
-0.383053
-0.381166
-0.381166
-0.380793
-0.380793
-0.380205
-0.380205
-0.380056
-0.380056
-0.379989
-0.379989
-0.378707
-0.378707
-0.378296
-0.378296
-0.378168
-0.378168
-0.378105
-0.377923
-0.377923
-0.377792
-0.377792
-0.375272
-0.375272
-0.375164
-0.375164
-0.374218
-0.373966
-0.373966
-0.373325
-0.373325
-0.370980
-0.370980
-0.369758
-0.369757
-0.369329
-0.369329
-0.369205
-0.368888
-0.368888
-0.368501
-0.368501
-0.367675
-0.367675
-0.366882
-0.365951
-0.365951
-0.364687
-0.364686
-0.364526
-0.364526
-0.363702
-0.363702
-0.363179
-0.363179
-0.363058
-0.363058
-0.361783
-0.361783
-0.361097
-0.361097
-0.360631
-0.360631
-0.360571
-0.360561
-0.360561
-0.358682
-0.358682
-0.356595
-0.356595
-0.356261
-0.355941
-0.355941
-0.355305
-0.355118
-0.355118
-0.352394
-0.352394
-0.351123
-0.351123
-0.351033
-0.351033
-0.351031
-0.351031
-0.350310
-0.350310
-0.349767
-0.349767
-0.349168
-0.349168
-0.347922
-0.347150
-0.347150
-0.346346
-0.346346
-0.346303
-0.346275
-0.346275
-0.345778
-0.345778
-0.344982
-0.344982
-0.343736
-0.343736
-0.343097
-0.343097
-0.342734
-0.342734
-0.342075
-0.342075
-0.341421
-0.340703
-0.340703
-0.340211
-0.340211
-0.340059
-0.340059
-0.339113
-0.339113
-0.338776
-0.338775
-0.337792
-0.337792
-0.337786
-0.337786
-0.337714
-0.337714
-0.337062
-0.336680
-0.336679
-0.336380
-0.335549
-0.335549
-0.335219
-0.335219
-0.334400
-0.334400
-0.331759
-0.331759
-0.330670
-0.330670
-0.330564
-0.330564
-0.330430
-0.330430
-0.328597
-0.328246
-0.328246
-0.327603
-0.327425
-0.327425
-0.326949
-0.326949
-0.326269
-0.326269
-0.326056
-0.324680
-0.324680
-0.324591
-0.324591
-0.324517
-0.324517
-0.321569
-0.321569
-0.321525
-0.321525
-0.320943
-0.320473
-0.320473
-0.319289
-0.319289
-0.319043
-0.319043
-0.319015
-0.319015
-0.317064
-0.316628
-0.316628
-0.315953
-0.315952
-0.315181
-0.315181
-0.314704
-0.314704
-0.314164
-0.314137
-0.314137
-0.313913
-0.312673
-0.312673
-0.311809
-0.311809
-0.311630
-0.311630
-0.311578
-0.311578
-0.311388
-0.311388
-0.311130
-0.311130
-0.309516
-0.308915
-0.308915
-0.308305
-0.307174
-0.307174
-0.307129
-0.307129
-0.305445
-0.305444
-0.305140
-0.305140
-0.304852
-0.304851
-0.303587
-0.303587
-0.303516
-0.303424
-0.300560
-0.300560
-0.300376
-0.299556
-0.299525
-0.299525
-0.299156
-0.298855
-0.298855
-0.298834
-0.298834
-0.296754
-0.296509
-0.296147
-0.296147
-0.295578
-0.295578
-0.295058
-0.294843
-0.294843
-0.294771
-0.294771
-0.294409
-0.294409
-0.293790
-0.293790
-0.293431
-0.293431
-0.293373
-0.293372
-0.291567
-0.291567
-0.289795
-0.289795
-0.289660
-0.289660
-0.289184
-0.289184
-0.288864
-0.288864
-0.287371
-0.287371
-0.287048
-0.286971
-0.286971
-0.286474
-0.286474
-0.286246
-0.286246
-0.285338
-0.285338
-0.284976
-0.284976
-0.284276
-0.284276
-0.284079
-0.284079
-0.282932
-0.282932
-0.281163
-0.281163
-0.280213
-0.280213
-0.280121
-0.280121
-0.279094
-0.279094
-0.277403
-0.277403
-0.277266
-0.277266
-0.276139
-0.276139
-0.275729
-0.275729
-0.275674
-0.275674
-0.275075
-0.275075
-0.274874
-0.274874
-0.274368
-0.274368
-0.273976
-0.273406
-0.273116
-0.273116
-0.272573
-0.272049
-0.272049
-0.272049
-0.272049
-0.271188
-0.270130
-0.270130
-0.269256
-0.269206
-0.269206
-0.268559
-0.268559
-0.267605
-0.267605
-0.267236
-0.267236
-0.266785
-0.265056
-0.265056
-0.263783
-0.263688
-0.263688
-0.263246
-0.263246
-0.261403
-0.261403
-0.261376
-0.260317
-0.260317
-0.260263
-0.259858
-0.259858
-0.259555
-0.259555
-0.258682
-0.258682
-0.256327
-0.256237
-0.256043
-0.256043
-0.255855
-0.254357
-0.254357
-0.253934
-0.253934
-0.252135
-0.252135
-0.251721
-0.251601
-0.251601
-0.250932
-0.250932
-0.249633
-0.249633
-0.248716
-0.248715
-0.248332
-0.248332
-0.248207
-0.247985
-0.247985
-0.246731
-0.241878
-0.241878
-0.241441
-0.241441
-0.241287
-0.236096
-0.235699
-0.235699
-0.235408
-0.232126
-0.232126
-0.229558
-0.229558
-0.229118
-0.224215
-0.224198
-0.224198
-0.223382
-0.223382
-0.222440
-0.218474
-0.218474
-0.216912
-0.216912
-0.215401
-0.213847
-0.213847
-0.212672
-0.211937
-0.211937
-0.210451
-0.210451
-0.209005
-0.209005
-0.208594
-0.208594
-0.208031
-0.201500
-0.200365
-0.192452
-0.190753
-0.190753
-0.190717
-0.186786
-0.186786
-0.186786
-0.186786
-0.184374
-0.180340
-0.177586
-0.177586
-0.177586
-0.177585
-0.176359
-0.170382
-0.169395
-0.168777
-0.168777
-0.168777
-0.168777
-0.165491
-0.162230
-0.160852
-0.155886
-0.151761
-0.147524
-0.143114
-0.138598
-0.134916
-0.129442
-0.127173
-0.122445
-0.122445
-0.122402
-0.122402
-0.120475
-0.120475
-0.120469
-0.120469
-0.120164
-0.119887
-0.117050
-0.117050
-0.116692
-0.116692
-0.113059
-0.112599
-0.112599
-0.111435
-0.111435
-0.110819
-0.107527
-0.107527
-0.106689
-0.105080
-0.105080
-0.102147
-0.102147
-0.101447
-0.100777
-0.097945
-0.097945
-0.096677
-0.096677
-0.095322
-0.092689
-0.092688
-0.092612
-0.092612
-0.092082
-0.091498
-0.091498
-0.091283
-0.091283
-0.091210
-0.091210
-0.090322
-0.090260
-0.090260
-0.089261
-0.089261
-0.088617
-0.088617
-0.086105
-0.086105
-0.086044
-0.086044
-0.085774
-0.084900
-0.084900
-0.082753
-0.082231
-0.082231
-0.082228
-0.082228
-0.081675
-0.081046
-0.081046
-0.080212
-0.080212
-0.078022
-0.077835
-0.077835
-0.076335
-0.076335
-0.076335
-0.076335
-0.075948
-0.075948
-0.075566
-0.075566
-0.074812
-0.074725
-0.074725
-0.074267
-0.074267
-0.073966
-0.073966
-0.073924
-0.073924
-0.073488
-0.073094
-0.073094
-0.072040
-0.071946
-0.071946
-0.071655
-0.071655
-0.071376
-0.071376
-0.071251
-0.071251
-0.070228
-0.070228
-0.069702
-0.068618
-0.068618
-0.068225
-0.068225
-0.068144
-0.068144
-0.068109
-0.068108
-0.067904
-0.067904
-0.067796
-0.067628
-0.067628
-0.066317
-0.065573
-0.065573
-0.065263
-0.065048
-0.065048
-0.064631
-0.064314
-0.064222
-0.064222
-0.064129
-0.064129
-0.063182
-0.063182
-0.063163
-0.063163
-0.061988
-0.061988
-0.061169
-0.061169
-0.060914
-0.060914
-0.059510
-0.059510
-0.058174
-0.058174
-0.058057
-0.058057
-0.057989
-0.057989
-0.057130
-0.057130
-0.056608
-0.056607
-0.055449
-0.055449
-0.055255
-0.055042
-0.055042
-0.054508
-0.054508
-0.053298
-0.053298
-0.053292
-0.053292
-0.052396
-0.052396
-0.051539
-0.051539
-0.051502
-0.051502
-0.050170
-0.050170
-0.049248
-0.049248
-0.049193
-0.049193
-0.048699
-0.048699
-0.048607
-0.048607
-0.048574
-0.048573
-0.047855
-0.047855
-0.046336
-0.046327
-0.046327
-0.045983
-0.045983
-0.044067
-0.044067
-0.043839
-0.043839
-0.040528
-0.040528
-0.040329
-0.040329
-0.040169
-0.040169
-0.039963
-0.039963
-0.039806
-0.039806
-0.038375
-0.038375
-0.037578
-0.035832
-0.035832
-0.034165
-0.034165
-0.033405
-0.033405
-0.033127
-0.033127
-0.032936
-0.032936
-0.032154
-0.032154
-0.032061
-0.032061
-0.029005
-0.028794
-0.028793
-0.028060
-0.028060
-0.027584
-0.027584
-0.026736
-0.026736
-0.025791
-0.025790
-0.025706
-0.025706
-0.023932
-0.023932
-0.023079
-0.023079
-0.022375
-0.022375
-0.021931
-0.021931
-0.020741
-0.020741
-0.020635
-0.020029
-0.020029
-0.018759
-0.018759
-0.018386
-0.018385
-0.017352
-0.017352
-0.017132
-0.017132
-0.015972
-0.015972
-0.015865
-0.015865
-0.015843
-0.015842
-0.014960
-0.014960
-0.014417
-0.014417
-0.013346
-0.013346
-0.012548
-0.012548
-0.012490
-0.011142
-0.011142
-0.009850
-0.009850
-0.008208
-0.008208
-0.008008
-0.008008
-0.006723
-0.006723
-0.004586
-0.004033
-0.004033
-0.003998
-0.003998
-0.003734
-0.003734
-0.000665
-0.000665
-0.000225
-0.000225
0.000244
0.000244
0.001674
0.001674
0.002908
0.002908
0.003060
0.003910
0.003910
0.006123
0.006123
0.006638
0.006638
0.007134
0.007134
0.007253
0.007253
0.009656
0.009656
0.010257
0.010257
0.010431
0.012296
0.012296
0.012355
0.012355
0.012924
0.012924
0.013683
0.013683
0.015242
0.015242
0.016188
0.016188
0.017207
0.017207
0.017313
0.017313
0.017514
0.018260
0.018260
0.018819
0.018819
0.020074
0.020074
0.020454
0.020454
0.020970
0.020970
0.021508
0.021508
0.021989
0.021990
0.022486
0.022486
0.023994
0.023994
0.024296
0.026367
0.026367
0.026937
0.026937
0.028535
0.028535
0.029482
0.029482
0.030432
0.030433
0.030766
0.033123
0.033123
0.034173
0.034173
0.034324
0.034324
0.034708
0.034708
0.036913
0.037579
0.037580
0.039001
0.039001
0.039656
0.039656
0.039843
0.039843
0.040643
0.040643
0.042729
0.043357
0.043357
0.044314
0.044314
0.044564
0.044564
0.045083
0.045083
0.045717
0.045717
0.047718
0.047718
0.048209
0.048671
0.048671
0.049357
0.049357
0.049809
0.049809
0.050039
0.050039
0.050634
0.050634
0.051546
0.051546
0.052093
0.052093
0.052716
0.052716
0.053347
0.054704
0.054704
0.054731
0.054731
0.056440
0.056440
0.058140
0.059076
0.059076
0.059330
0.059330
0.059834
0.059834
0.062588
0.062890
0.062890
0.063149
0.063149
0.063606
0.063606
0.065601
0.065601
0.066690
0.066920
0.066920
0.067560
0.067560
0.067960
0.067960
0.069964
0.069964
0.070385
0.070385
0.070450
0.071196
0.071196
0.071607
0.071607
0.072887
0.072887
0.073538
0.073538
0.073802
0.073802
0.073872
0.074351
0.074351
0.074515
0.074515
0.076375
0.076375
0.076962
0.077524
0.077524
0.078892
0.078892
0.079727
0.080225
0.080225
0.081082
0.081082
0.082176
0.082623
0.082623
0.082943
0.082943
0.084318
0.084469
0.084469
0.084723
0.084723
0.085658
0.085658
0.086166
0.086509
0.086509
0.086529
0.086529
0.087019
0.087019
0.087729
0.088046
0.088046
0.089022
0.089278
0.089278
0.090056
0.090229
0.090229
0.090844
0.090904
0.090904
0.091308
0.091308
0.091398
0.091726
0.176718
0.176958
0.176958
0.177540
0.177650
0.177651
0.177786
0.177786
0.178489
0.178489
0.178724
0.178724
0.178882
0.179143
0.179143
0.179574
0.179574
0.179860
0.179860
0.180039
0.180039
0.180135
0.180576
0.180772
0.180912
0.180912
0.180961
0.180961
0.180993
0.180993
0.181345
0.181345
0.181460
0.181725
0.181725
0.182244
0.182244
0.182264
0.182264
0.182328
0.182328
0.182352
0.182432
0.182432
0.182626
0.182837
0.182837
0.182964
0.183237
0.183237
0.183279
0.183279
0.183336
0.183336
0.183495
0.183495
0.183496
0.183554
0.183554
0.183745
0.183745
0.183920
0.183920
0.184037
0.184037
0.184134
0.184202
0.184202
0.184463
0.184463
0.184663
0.184663
0.184665
0.184665
0.184837
0.184837
0.184877
0.184877
0.184877
0.184877
0.185077
0.185077
0.185091
0.185091
0.185110
0.185110
0.185235
0.185235
0.185266
0.185266
0.185372
0.185392
0.185641
0.185641
0.185713
0.185713
0.185799
0.185799
0.185864
0.185864
0.185971
0.185971
0.186140
0.186353
0.186353
0.186360
0.186360
0.186474
0.186474
0.186643
0.186643
0.186725
0.186725
0.186852
0.186852
0.186880
0.186880
0.186926
0.186926
0.187041
0.187041
0.187056
0.187056
0.187126
0.187126
0.187640
0.187800
0.187800
0.187819
0.187819
0.187838
0.187838
0.187884
0.187884
0.187897
0.187897
0.187938
0.187956
0.187956
0.188196
0.188196
0.188507
0.188507
0.188511
0.188511
0.188668
0.188668
0.188692
0.188692
0.188923
0.188923
0.188936
0.188948
0.188948
0.188958
0.188958
0.188992
0.188992
0.188995
0.188995
0.188997
0.188997
0.189020
0.189020
0.189137
0.189137
0.189178
0.189178
0.189251
0.189251
0.189391
0.189391
0.189446
0.189446
0.189669
0.189669
0.189875
0.189875
0.189903
0.189903
0.189924
0.189924
0.189966
0.190041
0.190041
0.190135
0.190135
0.190296
0.190296
0.190439
0.190439
0.190519
0.190519
0.190547
0.190547
0.190617
0.190617
0.190895
0.190895
0.191012
0.191012
0.191136
0.191188
0.191188
0.191221
0.191221
0.191402
0.191402
0.191415
0.191415
0.191435
0.191435
0.191586
0.191586
0.191650
0.191650
0.191844
0.191844
0.192070
0.192070
0.192175
0.192185
0.192185
0.192220
0.192220
0.192394
0.192394
0.192500
0.192556
0.192556
0.192570
0.192571
0.192575
0.192575
0.192618
0.192618
0.192710
0.192711
0.192960
0.192960
0.193020
0.193020
0.193140
0.193140
0.193214
0.193214
0.193259
0.193259
0.193322
0.193322
0.193554
0.193554
0.193576
0.193576
0.193606
0.193606
0.193987
0.193987
0.194083
0.194083
0.194330
0.194330
0.194368
0.194368
0.194422
0.194422
0.194455
0.194455
0.194807
0.194807
0.194893
0.194983
0.194983
0.195006
0.195006
0.195170
0.195170
0.195249
0.195329
0.195329
0.195384
0.195384
0.195632
0.195679
0.195679
0.195702
0.195702
0.195807
0.195807
0.195838
0.195838
0.196041
0.196041
0.196162
0.196162
0.196175
0.196175
0.196570
0.196570
0.196783
0.196783
0.196854
0.196854
0.197006
0.197006
0.197167
0.197167
0.197186
0.197186
0.197210
0.197210
0.197239
0.197239
0.197325
0.197325
0.198076
0.198076
0.198081
0.198081
0.198212
0.198215
0.198215
0.198443
0.198443
0.198682
0.198682
0.198977
0.198977
0.199114
0.199194
0.199402
0.199402
0.199493
0.199493
0.199517
0.199517
0.199709
0.199709
0.199804
0.199804
0.199940
0.199940
0.200037
0.200037
0.200395
0.200395
0.200527
0.200527
0.200973
0.200973
0.201155
0.201155
0.201343
0.201343
0.201394
0.201491
0.201491
0.201744
0.201744
0.201833
0.201833
0.201854
0.201854
0.202097
0.202098
0.202139
0.202139
0.202428
0.202428
0.202463
0.202463
0.202582
0.202582
0.202733
0.202734
0.202764
0.202966
0.202966
0.203172
0.203172
0.203252
0.203252
0.203345
0.203522
0.203533
0.203608
0.203610
0.203610
0.203623
0.203625
0.203625
0.203658
0.203658
0.203679
0.203679
0.203697
0.203757
0.203760
0.203760
0.203886
0.203895
0.204066
0.204067
0.204095
0.204095
0.204126
0.204349
0.204364
0.204501
0.204676
0.204691
0.204802
0.204851
0.204851
0.204854
0.204936
0.204986
0.204991
0.204991
0.205075
0.205135
0.205447
0.205447
0.205544
0.205722
0.205722
0.205783
0.205783
0.206110
0.206278
0.206278
0.206284
0.206511
0.206511
0.206755
0.206755
0.206888
0.206888
0.206897
0.207218
0.207218
0.207538
0.207538
0.207629
0.207694
0.207694
0.208024
0.208024
0.208168
0.208168
0.208202
0.208202
0.208411
0.208443
0.208443
0.208584
0.208584
0.208650
0.208761
0.208761
0.208797
0.208797
0.208894
0.208900
0.208900
0.208920
0.208920
0.208951
0.208951
0.209541
0.209541
0.209753
0.209786
0.209786
0.209812
0.209812
0.209815
0.209815
0.209849
0.210159
0.210159
0.210227
0.210227
0.210650
0.210650
0.210773
0.210821
0.210821
0.211159
0.211159
0.211472
0.211472
0.211698
0.211698
0.212067
0.212143
0.212347
0.212347
0.212969
0.212969
0.213113
0.213113
0.213153
0.213186
0.213186
0.213192
0.213282
0.213282
0.213884
0.213884
0.214005
0.214005
0.214425
0.214722
0.215005
0.215005
0.215124
0.215124
0.215281
0.215281
0.215637
0.215637
0.215901
0.215901
0.215907
0.216287
0.216287
0.216337
0.216450
0.216450
0.216526
0.216526
0.216606
0.216698
0.216698
0.216811
0.216811
0.216824
0.216824
0.216994
0.216994
0.217659
0.217767
0.217767
0.217963
0.217963
0.218046
0.218046
0.218145
0.218145
0.218172
0.218172
0.218315
0.218315
0.218336
0.218336
0.218748
0.218748
0.218754
0.218754
0.219043
0.219043
0.219111
0.219111
0.219302
0.219302
0.219438
0.219628
0.219718
0.219718
0.219737
0.219737
0.219796
0.219988
0.220627
0.220627
0.220701
0.220701
0.220821
0.220821
0.220898
0.220898
0.220942
0.220942
0.221393
0.221393
0.221395
0.221670
0.221670
0.221713
0.221713
0.222236
0.222236
0.222663
0.222663
0.222829
0.223229
0.223229
0.223254
0.223282
0.223282
0.223324
0.224084
0.224084
0.224194
0.224194
0.224434
0.224434
0.224481
0.224481
0.224521
0.224521
0.224849
0.225065
0.225065
0.225440
0.226073
0.226073
0.226111
0.226111
0.226412
0.226412
0.226593
0.226715
0.226715
0.226734
0.226734
0.226746
0.226830
0.226830
0.227098
0.227171
0.227171
0.228230
0.228230
0.228615
0.228741
0.228741
0.228779
0.228779
0.228956
0.228956
0.229223
0.229223
0.229772
0.229824
0.229824
0.230041
0.230041
0.230074
0.230500
0.230500
0.230570
0.230570
0.230870
0.231332
0.231864
0.231864
0.232058
0.232058
0.232171
0.232171
0.232343
0.232343
0.232737
0.232737
0.232781
0.232781
0.232835
0.233114
0.233114
0.233191
0.233191
0.233219
0.233314
0.233366
0.233366
0.233461
0.233461
0.234185
0.234185
0.234319
0.234319
0.234924
0.235521
0.235521
0.235596
0.235596
0.235608
0.235608
0.235756
0.236065
0.236065
0.236164
0.236478
0.236478
0.236912
0.236912
0.236957
0.236957
0.237414
0.237418
0.237496
0.237496
0.237918
0.237918
0.238361
0.238361
0.238364
0.238365
0.238439
0.238439
0.238508
0.238898
0.239192
0.239192
0.239986
0.239986
0.239995
0.240216
0.240216
0.240622
0.240622
0.240714
0.240714
0.241065
0.241411
0.241607
0.242099
0.242100
0.242306
0.242306
0.242403
0.242403
0.242755
0.242755
0.242830
0.242830
0.243143
0.243143
0.243176
0.243176
0.243405
0.243676
0.243692
0.243777
0.243777
0.244405
0.244476
0.244476
0.244581
0.244581
0.244808
0.244808
0.244987
0.244987
0.245179
0.245179
0.245467
0.245467
0.245508
0.245599
0.245599
0.245733
0.245922
0.245922
0.246383
0.246383
0.246567
0.246567
0.247010
0.247010
0.247107
0.247280
0.247280
0.247358
0.247389
0.247389
0.247429
0.247429
0.247525
0.247931
0.247931
0.248358
0.248466
0.248466
0.248634
0.248634
0.248654
0.248654
0.248719
0.248719
0.248815
0.248815
0.248942
0.249057
0.249660
0.249660
0.249708
0.249709
0.250250
0.250307
0.250323
0.250411
0.250411
0.250628
0.250628
0.250771
0.250771
0.250919
0.250919
0.250940
0.250940
0.251194
0.251194
0.251237
0.251237
0.251275
0.251315
0.251500
0.251501
0.251518
0.251518
0.251535
0.251536
0.251594
0.251594
0.251636
0.251636
0.251712
0.251825
0.251825
0.251975
0.251976
0.252011
0.252028
0.252453
0.252458
0.252507
0.252508
0.252516
0.252516
0.252905
0.252905
0.252905
0.252905
0.252958
0.252958
0.253025
0.253025
0.253667
0.253667
0.253750
0.253750
0.253810
0.253810
0.253967
0.253967
0.254063
0.254063
0.254080
0.254080
0.254130
0.254130
0.254161
0.254161
0.254460
0.254460
0.254526
0.254526
0.254535
0.254535
0.254576
0.254853
0.254907
0.254907
0.254938
0.254938
0.255885
0.255885
0.255942
0.255942
0.256128
0.256128
0.256168
0.256168
0.256560
0.256560
0.256636
0.256636
0.256758
0.256758
0.257008
0.257008
0.257080
0.257080
0.257128
0.257128
0.257149
0.257150
0.257169
0.257169
0.257213
0.257213
0.257369
0.257369
0.257563
0.258013
0.258013
0.258228
0.258229
0.258264
0.258264
0.258276
0.258276
0.258445
0.258445
0.258838
0.258838
0.259067
0.259124
0.259124
0.259127
0.259127
0.259566
0.259566
0.259614
0.259614
0.259745
0.259745
0.259747
0.259747
0.259999
0.259999
0.260008
0.260008
0.260018
0.260018
0.260122
0.260122
0.260125
0.260125
0.260170
0.260170
0.260598
0.260598
0.260680
0.260680
0.260861
0.260861
0.260988
0.260988
0.261009
0.261009
0.261335
0.261398
0.261398
0.262271
0.262373
0.262373
0.262766
0.262766
0.262840
0.262840
0.262930
0.262930
0.263047
0.263047
0.263194
0.263194
0.263716
0.263717
0.264091
0.264091
0.264144
0.264144
0.264184
0.264184
0.264248
0.264248
0.264523
0.264523
0.264779
0.264779
0.264985
0.264985
0.265157
0.265157
0.265279
0.265750
0.265750
0.265884
0.266469
0.266469
0.266626
0.266626
0.266686
0.266686
0.266791
0.266791
0.267152
0.267152
0.267175
0.267175
0.267333
0.267333
0.267463
0.267463
0.267894
0.267894
0.267894
0.267894
0.267941
0.267941
0.268298
0.268298
0.268398
0.268399
0.268444
0.268444
0.268471
0.269752
0.269752
0.269824
0.269824
0.269869
0.270124
0.270124
0.270316
0.270316
0.270358
0.270358
0.270528
0.270528
0.270553
0.270553
0.270809
0.270809
0.270998
0.270998
0.271004
0.271004
0.271064
0.271064
0.271143
0.271143
0.271167
0.271167
0.271235
0.271236
0.272072
0.272072
0.272093
0.272093
0.272328
0.272892
0.272892
0.272901
0.272901
0.273084
0.273084
0.273136
0.273412
0.273412
0.273474
0.273474
0.273480
0.273481
0.273485
0.273485
0.273559
0.273559
0.273601
0.273601
0.273836
0.273836
0.273837
0.273837
0.274194
0.274194
0.274371
0.274371
0.274438
0.274438
0.274613
0.274613
0.274726
0.274726
0.275484
0.275484
0.275684
0.275684
0.276236
0.276653
0.276673
0.276673
0.276997
0.276997
0.277159
0.277159
0.277311
0.277312
0.277326
0.277326
0.277708
0.277708
0.277812
0.277812
0.277826
0.277826
0.278022
0.278022
0.278287
0.278287
0.279446
0.279690
0.279690
0.279752
0.279752
0.279760
0.279760
0.280093
0.280093
0.280553
0.280553
0.280609
0.280742
0.280742
0.280864
0.280864
0.281119
0.281119
0.281260
0.281260
0.281571
0.281571
0.281598
0.281598
0.281624
0.281624
0.282587
0.282588
0.282742
0.282742
0.283043
0.283203
0.283203
0.283244
0.283244
0.283803
0.283803
0.283855
0.283855
0.283985
0.284257
0.284257
0.284426
0.284426
0.284545
0.284545
0.284718
0.284718
0.284756
0.284756
0.285157
0.285157
0.285266
0.285266
0.285325
0.285325
0.285736
0.285736
0.285871
0.285871
0.286564
0.286564
0.286645
0.286645
0.287010
0.287103
0.287103
0.287106
0.287482
0.287482
0.287550
0.287550
0.287625
0.287625
0.287676
0.287676
0.287687
0.287687
0.287863
0.287864
0.288112
0.288112
0.288116
0.288116
0.288134
0.288134
0.288253
0.288253
0.288464
0.288464
0.288467
0.288467
0.288564
0.288564
0.289863
0.289863
0.289954
0.289954
0.290197
0.290204
0.290204
0.290516
0.290516
0.290872
0.291103
0.291103
0.291295
0.291295
0.291602
0.291602
0.291697
0.291697
0.292085
0.292085
0.292342
0.292342
0.292764
0.292764
0.293295
0.293295
0.293414
0.294050
0.294050
0.294131
0.294131
0.294187
0.294187
0.294277
0.294277
0.294290
0.294943
0.294943
0.295201
0.295201
0.295598
0.295598
0.295823
0.295823
0.295921
0.295921
0.296005
0.296005
0.296904
0.297081
0.297252
0.297252
0.297358
0.297358
0.297486
0.297486
0.297920
0.297920
0.298135
0.298135
0.298296
0.298296
0.298408
0.298408
0.298507
0.298507
0.298528
0.298528
0.299293
0.299293
0.300202
0.300202
0.300219
0.300369
0.300369
0.300551
0.300551
0.300716
0.300716
0.300762
0.300762
0.300818
0.300818
0.300968
0.300968
0.301079
0.301198
0.301198
0.301309
0.301309
0.301762
0.301762
0.301952
0.301952
0.302000
0.302000
0.302495
0.302495
0.302513
0.302514
0.302822
0.302822
0.302826
0.302826
0.302983
0.302983
0.303144
0.303144
0.303372
0.303372
0.303388
0.303388
0.303687
0.303770
0.304003
0.304003
0.304708
0.304708
0.305062
0.305062
0.305267
0.305267
0.305964
0.305964
0.306192
0.306192
0.306460
0.306985
0.306985
0.306986
0.307069
0.307069
0.307188
0.307188
0.307462
0.307462
0.308447
0.308447
0.308736
0.308736
0.308802
0.308802
0.308912
0.308912
0.309275
0.309927
0.310036
0.310036
0.310090
0.310090
0.310303
0.310303
0.310440
0.310440
0.310828
0.310828
0.311203
0.311203
0.311674
0.311674
0.311771
0.311771
0.312094
0.312621
0.312621
0.312634
0.312825
0.312825
0.312842
0.312842
0.312905
0.312905
0.313084
0.313084
0.313408
0.313408
0.313802
0.313802
0.313839
0.313839
0.314551
0.314551
0.314570
0.314570
0.314847
0.315062
0.315062
0.315086
0.315086
0.315094
0.315094
0.315164
0.315188
0.315188
0.315405
0.315405
0.315408
0.315408
0.315410
0.315410
0.315429
0.315429
0.317119
0.317119
0.317273
0.317274
0.317405
0.317405
0.317465
0.317552
0.317775
0.317775
0.318860
0.318860
0.318943
0.318943
0.319627
0.319627
0.319815
0.319902
0.319949
0.319949
0.320402
0.320402
0.320436
0.320436
0.321701
0.321701
0.321741
0.321741
0.321745
0.321745
0.321941
0.321941
0.321953
0.322142
0.322866
0.322866
0.322876
0.322876
0.323605
0.323605
0.323758
0.323758
0.323792
0.323792
0.323804
0.323804
0.323957
0.324181
0.324518
0.324518
0.324527
0.324527
0.325039
0.325039
0.325044
0.325044
0.325322
0.325322
0.325353
0.325353
0.325354
0.325354
0.325404
0.325404
0.325811
0.326024
0.326843
0.326843
0.326874
0.326874
0.327501
0.327676
0.328163
0.328163
0.328165
0.328165
0.329011
0.329141
0.329271
0.329271
0.329282
0.329282
0.330184
0.330184
0.330197
0.330197
0.330332
0.330419
0.330899
0.330899
0.330910
0.330910
0.331413
0.331413
0.331419
0.331419
0.331455
0.331509
0.331723
0.331723
0.331725
0.331725
0.332376
0.332407
0.333095
0.333110
0.333608
0.333614
0.333917
0.333918
