0.298995
0.299000
0.299093
0.299099
0.299099
0.299102
0.299103
0.299103
0.299193
0.299193
0.299194
0.299194
0.299222
0.299249
0.299304
0.299304
0.299338
0.299338
0.299347
0.299369
0.299421
0.299434
0.299434
0.299436
0.299436
0.299451
0.299451
0.299455
0.299455
0.299484
0.299484
0.299513
0.299513
0.299526
0.299526
0.299602
0.299602
0.299608
0.299608
0.299620
0.299661
0.299661
0.299679
0.299679
0.299729
0.299729
0.299809
0.299809
0.300090
0.300090
0.300090
0.300090
0.300095
0.300095
0.300101
0.300101
0.300123
0.300128
0.300128
0.300129
0.300129
0.300184
0.300184
0.300227
0.300227
0.300286
0.300286
0.300450
0.300450
0.300615
0.300615
0.300696
0.300696
0.300868
0.300888
0.300888
0.300939
0.300939
0.300955
0.300955
0.301025
0.301025
0.301042
0.301042
0.301147
0.301147
0.301290
0.301290
0.301307
0.301307
0.301501
0.301501
0.301508
0.301508
0.301753
0.301753
0.301891
0.301943
0.301943
0.302046
0.302046
0.302072
0.302072
0.302169
0.302169
0.302278
0.302278
0.302389
0.302389
0.302404
0.302404
0.302632
0.302632
0.302730
0.302730
0.302782
0.302782
0.302973
0.302973
0.303212
0.303212
0.303214
0.303214
0.303223
0.303246
0.303246
0.303256
0.303256
0.303587
0.303587
0.303667
0.303667
0.303729
0.303729
0.304106
0.304106
0.304253
0.304253
0.304329
0.304329
0.304346
0.304346
0.304431
0.304431
0.304481
0.304481
0.304646
0.304646
0.304737
0.304737
0.304761
0.304761
0.304833
0.304833
0.304876
0.304982
0.304982
0.305012
0.305012
0.305438
0.305438
0.305569
0.305569
0.305593
0.305593
0.305782
0.305782
0.305980
0.305980
0.306058
0.306058
0.306348
0.306348
0.306367
0.306367
0.306367
0.306367
0.306505
0.306505
0.306664
0.306664
0.306831
0.306849
0.306849
0.306993
0.306993
0.307485
0.307485
0.307645
0.307645
0.307739
0.307801
0.307801
0.308145
0.308230
0.308230
0.308666
0.308666
0.308735
0.308736
0.308824
0.308824
0.308896
0.309028
0.309443
0.309443
0.309588
0.309588
0.309622
0.309622
0.310010
0.310214
0.310214
0.310236
0.310236
0.310735
0.310735
0.310762
0.310762
0.310908
0.311872
0.312245
0.312245
0.312557
0.312582
0.312582
0.313781
0.313781
0.314103
0.314103
0.314241
0.314349
0.315033
0.315033
0.315146
0.315146
0.316226
0.316415
0.317865
0.317985
0.331391
0.331408
0.332236
0.332236
0.332237
0.332237
0.335147
0.335147
0.335147
0.335147
0.338574
0.338574
0.338574
0.338574
0.340087
0.340087
0.342008
0.342212
0.342235
0.342787
0.343765
0.343952
0.344007
0.344665
0.344665
0.344839
0.344839
0.346075
0.346198
0.346198
0.346725
0.346756
0.346756
0.346804
0.346819
0.347797
0.347797
0.347804
0.347804
0.348175
0.348175
0.349088
0.349088
0.349832
0.350307
0.350307
0.350393
0.350650
0.350650
0.350766
0.351195
0.351320
0.351320
0.352051
0.352051
0.352245
0.352245
0.352353
0.352353
0.353587
0.353692
0.353692
0.353848
0.353848
0.354230
0.354230
0.354504
0.354561
0.354561
0.355299
0.355299
0.355605
0.356290
0.356290
0.356708
0.356708
0.356881
0.356919
0.356919
0.357214
0.357411
0.357411
0.357477
0.357477
0.358109
0.358109
0.358813
0.358813
0.359017
0.359234
0.359234
0.359477
0.359477
0.359869
0.359869
0.360012
0.360012
0.360219
0.360219
0.360401
0.360401
0.360482
0.360491
0.360527
0.360527
0.361472
0.361472
0.362081
0.362081
0.362272
0.362273
0.362623
0.362623
0.363031
0.363031
0.363104
0.363171
0.363171
0.363232
0.363232
0.363587
0.364143
0.364143
0.364184
0.364184
0.364228
0.364228
0.364272
0.364439
0.364615
0.364615
0.365201
0.365201
0.365261
0.365271
0.365271
0.365720
0.365720
0.366121
0.366122
0.366181
0.366181
0.366223
0.366223
0.366249
0.366249
0.366537
0.366951
0.366951
0.367041
0.367807
0.367807
0.367832
0.367832
0.367890
0.367890
0.368188
0.368188
0.368254
0.368486
0.368486
0.368904
0.368904
0.369051
0.369051
0.369102
0.369102
0.369177
0.369177
0.369220
0.369220
0.369780
0.369780
0.370022
0.370022
0.370630
0.370630
0.370743
0.370743
0.370893
0.370944
0.370944
0.371189
0.371189
0.371225
0.371225
0.371802
0.371802
0.372161
0.372161
0.372243
0.372438
0.372438
0.372623
0.372623
0.372828
0.372828
0.373053
0.373053
0.373181
0.373181
0.373991
0.373991
0.374078
0.374078
0.374291
0.374291
0.374382
0.374382
0.374938
0.374938
0.376394
0.376394
0.376429
0.376429
0.376816
0.376816
0.377027
0.377027
0.377782
0.377782
0.377983
0.377983
0.378324
0.378324
0.378397
0.378397
0.379075
0.379075
0.379098
0.379572
0.379572
0.379750
0.379750
0.380627
0.380627
0.381022
0.381022
0.381278
0.381510
0.381510
0.382052
0.382052
0.383260
0.383260
0.383472
0.383472
0.383525
0.383525
0.383595
0.383595
0.383822
0.383822
0.384134
0.384134
0.384687
0.384687
0.385092
0.385092
0.385473
0.385473
0.386979
0.386979
0.387007
0.387007
0.387902
0.387902
0.388099
0.388372
0.388372
0.388558
0.388558
0.389581
0.389581
0.389622
0.389622
0.390311
0.390311
0.390396
0.390396
0.390671
0.390671
0.391207
0.391207
0.391675
0.391675
0.391773
0.392531
0.392531
0.394395
0.394395
0.396201
0.396201
0.396273
0.396273
0.396296
0.396296
0.396409
0.396409
0.396798
0.396798
0.397807
0.397807
0.397882
0.398236
0.398236
0.400244
0.400244
0.401331
0.401331
0.401490
0.401490
0.401700
0.401700
0.402328
0.402328
0.403101
0.403101
0.403497
0.403595
0.403595
0.405253
0.405253
0.406303
0.406303
0.406304
0.406304
0.406631
0.406631
0.406864
0.406864
0.407491
0.407491
0.408422
0.408464
0.408465
0.408705
0.408705
0.409464
0.409464
0.410092
0.410092
0.411987
0.411987
0.413690
0.413690
0.413816
0.413816
0.414322
0.414322
0.414469
0.414469
0.415454
0.415454
0.416283
0.416994
0.416994
0.417007
0.417007
0.417877
0.417878
0.419307
0.419307
0.419668
0.421890
0.421890
0.423047
0.423047
0.423098
0.423098
0.423649
0.423649
0.426783
0.426783
0.427494
0.427494
0.428334
0.428334
0.429475
0.429475
0.429677
0.429677
0.429691
0.429691
0.429942
0.431531
0.432027
0.432027
0.432183
0.432183
0.432197
0.432197
0.434276
0.434276
0.436277
0.436277
0.436758
0.436758
0.440044
0.440044
0.440155
0.440155
0.440361
0.440361
0.440411
0.440411
0.440979
0.440979
0.441024
0.441024
0.441350
0.441350
0.442541
0.442541
0.443873
0.444251
0.449274
0.449274
0.449568
0.449568
0.451277
0.451277
0.452276
0.452276
0.453186
0.453186
0.454275
0.454275
0.456486
0.456607
0.456607
0.457401
0.457401
0.458941
0.461968
0.461968
0.462717
0.462717
0.464065
0.464065
0.464426
0.464426
0.464640
0.464641
0.467321
0.467321
0.468203
0.468203
0.469078
0.469135
0.469135
0.470210
0.470210
0.472108
0.472108
0.472453
0.472453
0.473684
0.475339
0.475339
0.476248
0.476248
0.481264
0.481264
0.481265
0.481765
0.481765
0.484883
0.484883
0.487308
0.487308
0.488089
0.488984
0.488984
0.492574
0.492849
0.492849
0.494513
0.494513
0.494861
0.494861
0.497131
0.497131
0.498275
0.498275
0.499132
0.499132
0.501697
0.502486
0.502790
0.502791
0.505030
0.505030
0.506174
0.506174
0.510519
0.511083
0.511083
0.513986
0.514722
0.514722
0.515775
0.515775
0.516342
0.519824
0.523151
0.523151
0.524389
0.527787
0.527787
0.532340
0.537343
0.624261
0.625245
0.625310
0.625310
0.626788
0.626788
0.627422
0.629631
0.629631
0.631293
0.632986
0.632986
0.634190
0.634190
0.635275
0.635275
0.637198
0.639221
0.639221
0.640701
0.640701
0.644941
0.644941
0.645271
0.649254
0.649254
0.652507
0.652507
0.652793
0.652793
0.655498
0.655504
0.655504
0.659837
0.659837
0.660037
0.660037
0.661933
0.661933
0.666400
0.666400
0.667791
0.672371
0.672371
0.673180
0.673180
0.674575
0.674575
0.682025
0.684515
0.684515
0.684999
0.684999
0.686169
0.686169
0.686746
0.686746
0.687820
0.687820
0.692505
0.692506
0.696143
0.696143
0.698065
0.699026
0.699026
0.700791
0.700791
0.702834
0.702834
0.707329
0.707329
0.709342
0.709342
0.715766
0.716903
0.716903
0.717330
0.717330
0.720487
0.720487
0.723958
0.723958
0.727303
0.727303
0.728909
0.728909
0.730137
0.730137
0.734327
0.734327
0.734828
0.734828
0.734976
0.739540
0.739540
0.739793
0.739793
0.741340
0.741340
0.741896
0.741897
0.749588
0.749588
0.752839
0.752839
0.755531
0.756062
0.756062
0.756559
0.756559
0.759468
0.759468
0.759801
0.759801
0.770744
0.770744
0.771092
0.771092
0.772154
0.772154
0.773971
0.773971
0.775487
0.775487
0.777252
0.778387
0.778387
0.781046
0.781046
0.783183
0.783183
0.783269
0.783269
0.786560
0.786560
0.789822
0.789822
0.791455
0.791455
0.791903
0.791903
0.796634
0.796634
0.798205
0.798205
0.799941
0.801884
0.801884
0.803006
0.803006
0.808166
0.808166
0.808431
0.808431
0.810347
0.810347
0.811602
0.811602
0.816283
0.816283
0.819493
0.819493
0.820143
0.820143
0.823293
0.823293
0.823376
0.823705
0.823705
0.824045
0.824045
0.825336
0.825336
0.828519
0.828519
0.828750
0.828750
0.830548
0.830548
0.831800
0.831800
0.835745
0.835745
0.835777
0.835777
0.837216
0.837216
0.838092
0.838092
0.840634
0.843271
0.843271
0.844028
0.844521
0.844522
0.844991
0.844991
0.845239
0.845239
0.846707
0.846707
0.847286
0.847564
0.847564
0.847821
0.847821
0.849687
0.850908
0.850908
0.851503
0.851503
0.856019
0.856019
0.856783
0.856783
0.857609
0.862148
0.862148
0.867283
0.867283
0.867792
0.868606
0.868606
0.868939
0.868939
0.871215
0.872026
0.872026
0.874312
0.874312
0.876189
0.876189
0.880222
0.882249
0.882249
0.887814
0.887814
0.892611
0.894876
0.895324
0.895324
0.899524
0.899524
0.899583
0.901651
0.901651
0.904045
0.906876
0.906876
0.906878
0.906878
0.909341
0.909341
0.909341
0.909341
0.909398
0.909398
0.909991
0.909991
0.910597
0.910597
0.911716
0.918438
0.918438
0.918620
0.918620
0.922587
0.930685
0.945796
0.951698
0.968784
0.974632
0.990928
0.999260
1.011897
1.024623
1.028523
1.028523
1.029755
1.029755
1.031416
1.036086
1.036086
1.037839
1.037839
1.037934
1.040672
1.042015
1.042015
1.044663
1.044663
1.044664
1.044664
1.046304
1.046304
1.047614
1.047614
1.047614
1.047614
1.048391
1.048391
1.049241
1.050452
1.050452
1.056330
1.063764
1.063764
1.065150
1.065423
1.065423
1.078866
1.078866
1.078949
1.079852
1.079852
1.079981
1.079981
1.084727
1.085304
1.085304
1.087395
1.087395
1.088242
1.088242
1.090468
1.094179
1.094179
1.098185
1.098185
1.098942
1.098942
1.099572
1.106150
1.106845
1.106845
1.110128
1.112726
1.112726
1.112782
1.112782
1.112788
1.112789
1.114940
1.115249
1.115249
1.116562
1.116562
1.117630
1.117630
1.118998
1.118998
1.119556
1.119556
1.124537
1.124537
1.126206
1.126206
1.127520
1.127520
1.129820
1.129820
1.130961
1.130961
1.131897
1.131897
1.132471
1.132471
1.136273
1.136273
1.138868
1.138868
1.142163
1.142163
1.142388
1.142388
1.143934
1.143934
1.144149
1.144149
1.146030
1.148864
1.148864
1.152736
1.155706
1.155706
1.156701
1.157785
1.157785
1.159990
1.159990
1.161945
1.164038
1.164038
1.167670
1.168006
1.168006
1.169159
1.169159
1.170860
1.170860
1.171515
1.171515
1.174061
1.174061
1.175868
1.175868
1.176310
1.176864
1.176864
1.177706
1.178495
1.178495
1.179171
1.179171
1.182115
1.182115
1.185121
1.186885
1.186885
1.190631
1.190631
1.191462
1.191462
1.192398
1.192398
1.193038
1.193038
1.193768
1.193768
1.195256
1.195463
1.195463
1.196773
1.196774
1.198893
1.198893
1.204357
1.204357
1.208037
1.209106
1.209534
1.209534
1.209823
1.209823
1.211929
1.211929
1.215193
1.215193
1.215582
1.215582
1.217381
1.217857
1.217857
1.219234
1.219234
1.220623
1.220623
1.223344
1.223345
1.224282
1.224282
1.226244
1.226244
1.230782
1.230782
1.234380
1.234380
1.235311
1.235405
1.235405
1.236586
1.236586
1.237290
1.237290
1.237557
1.237557
1.238753
1.238753
1.240008
1.241744
1.244889
1.244889
1.245481
1.245481
1.248275
1.248275
1.250590
1.250590
1.254238
1.254238
1.254999
1.254999
1.256024
1.256024
1.256993
1.256993
1.261548
1.261548
1.263259
1.263259
1.263338
1.263338
1.265868
1.267153
1.267175
1.267175
1.267868
1.267868
1.268433
1.268433
1.269368
1.270636
1.270636
1.270897
1.270897
1.271486
1.271486
1.275412
1.275413
1.276414
1.276414
1.282438
1.282438
1.282634
1.282634
1.286637
1.286637
1.288333
1.288333
1.289432
1.289432
1.290321
1.290321
1.290653
1.290653
1.291729
1.293052
1.293052
1.293587
1.293587
1.294198
1.294198
1.295136
1.295649
1.295649
1.297402
1.297402
1.298720
1.299285
1.299286
1.299933
1.299933
1.305487
1.305487
1.307087
1.307087
1.309184
1.309184
1.309446
1.309446
1.309752
1.309752
1.309949
1.309949
1.312049
1.312049
1.313089
1.313100
1.313100
1.314139
1.314139
1.314896
1.315063
1.315063
1.316317
1.316317
1.316814
1.316814
1.317243
1.317243
1.320932
1.320933
1.323457
1.323458
1.328510
1.328510
1.332981
1.333584
1.333584
1.336911
1.336912
1.340620
1.340620
1.342998
1.342998
1.350183
1.350183
1.351597
1.351597
1.356525
1.356526
1.365192
1.365192
1.367195
1.367195
1.367745
1.367745
1.367862
1.368745
1.368746
1.375802
1.375802
1.381835
1.381835
1.382175
1.382175
1.385097
1.385097
1.385270
1.385270
1.385969
1.385970
1.389886
1.390016
1.391089
1.391089
1.393525
1.393525
1.394120
1.394120
1.395143
1.395143
1.400911
1.400911
1.401230
1.401230
1.402451
1.402451
1.402659
1.402841
1.402841
1.402953
1.402953
1.403084
1.403084
1.406696
1.406696
1.406982
1.407328
1.407328
1.409272
1.409272
1.409994
1.411665
1.411665
1.413797
1.413797
1.414188
1.414188
1.414391
1.414392
1.414589
1.414589
1.416246
1.416246
1.416844
1.416844
1.417794
1.417794
1.419104
1.419104
1.419277
1.419277
1.420115
1.420115
1.422912
1.422912
1.423931
1.423931
1.424602
1.424602
1.425841
1.425841
1.426477
1.426477
1.426729
1.426729
1.426972
1.428911
1.428911
1.428956
1.428956
1.430091
1.430092
1.430588
1.430588
1.431955
1.431955
1.433229
1.433229
1.434844
1.434844
1.435415
1.435415
1.436209
1.436751
1.437828
1.437828
1.439325
1.439325
1.441487
1.441487
1.442444
1.442444
1.442932
1.442932
1.444303
1.444303
1.446359
1.448044
1.448044
1.448536
1.448536
1.450755
1.450755
1.450968
1.450968
1.452638
1.452638
1.452645
1.452645
1.453370
1.453370
1.454753
1.454753
1.456513
1.456513
1.456538
1.456538
1.456913
1.456913
1.459384
1.459385
1.459962
1.459962
1.460792
1.460792
1.461086
1.461086
1.461144
1.461144
1.461313
1.461313
1.462235
1.462235
1.462741
1.462979
1.462979
1.465271
1.465616
1.465616
1.468220
1.468220
1.469191
1.469191
1.469588
1.470236
1.472433
1.472433
1.472439
1.472439
1.477263
1.477263
1.477900
1.477946
1.477946
1.478958
1.479085
1.479085
1.480067
1.480067
1.480333
1.480333
1.482371
1.482371
1.484515
1.484515
1.485861
1.485861
1.487384
1.487384
1.487475
1.487475
1.488053
1.488053
1.488836
1.488836
1.489869
1.491675
1.491675
1.491893
1.491893
1.493183
1.493183
1.493893
1.493893
1.493923
1.493950
1.493950
1.494543
1.494594
1.494594
1.496659
1.496659
1.496661
1.496661
1.496960
1.496960
1.497974
1.497974
1.498515
1.499565
1.499565
1.499769
1.499769
1.500696
1.502712
1.502712
1.503687
1.503935
1.503935
1.505148
1.505148
1.505580
1.505580
1.506905
1.506905
1.508117
1.508118
1.514125
1.514549
1.514549
1.515656
1.515656
1.519241
1.519241
1.520165
1.520165
1.522657
1.522657
1.523878
1.525781
1.525781
1.526397
1.526397
1.528260
1.528260
1.529671
1.535089
1.535089
1.538436
1.541311
1.541311
1.541487
1.541487
1.542260
1.542260
1.543336
1.543336
1.544414
1.544415
1.548508
1.548508
1.550001
1.550001
1.552473
1.552473
1.553288
1.556185
1.557937
1.557937
1.559496
1.559496
1.562167
1.562167
1.564667
1.564667
1.565203
1.565233
1.565233
1.568400
1.568400
1.568427
1.568427
1.569556
1.569557
1.570582
1.570582
1.573762
1.573762
1.574307
1.574307
1.576094
1.576094
1.576247
1.576247
1.578449
1.578449
1.578915
1.578915
1.579145
1.579145
1.579419
1.579419
1.579987
1.581376
1.581377
1.582371
1.584872
1.584872
1.586334
1.586334
1.587322
1.587322
1.588348
1.588348
1.592689
1.593483
1.593483
1.595523
1.595523
1.600905
1.603444
1.603444
1.605936
1.605936
1.605989
1.605989
1.607173
1.607173
1.610015
1.610400
1.610400
1.611439
1.611439
1.614335
1.614335
1.618847
1.619159
1.619159
1.619275
1.620754
1.620754
1.621641
1.621641
1.628735
1.628735
1.629699
1.629700
1.632032
1.632032
1.632821
1.632821
1.633609
1.633609
1.633801
1.634360
1.634950
1.634950
1.636720
1.636720
1.637390
1.637390
1.638041
1.638041
1.639146
1.639146
1.639353
1.639353
1.639506
1.639506
1.640621
1.640621
1.640832
1.640832
1.642131
1.642131
1.642237
1.642237
1.642810
1.645830
1.646457
1.646457
1.647247
1.647247
1.648248
1.648248
1.652770
1.652770
1.652920
1.654938
1.654938
1.655052
1.656367
1.656367
1.656711
1.656711
1.659514
1.659514
1.659650
1.661134
1.661134
1.661534
1.662365
1.662365
1.662808
1.663122
1.663949
1.664810
1.664828
1.664828
1.665709
1.665709
1.666654
1.666925
1.667572
1.667572
1.669056
1.669253
1.669608
1.669608
1.670053
1.670053
1.670730
1.670819
1.670979
1.670979
1.671243
1.671243
1.755177
1.755185
1.764515
1.764515
1.764534
1.764534
1.777662
1.777663
1.777664
1.777664
1.785579
1.785579
1.785579
1.785579
1.788062
1.788062
1.836987
1.838690
1.848470
1.853281
1.858626
1.858626
1.859046
1.859046
1.864407
1.867936
1.867936
1.870168
1.870168
1.870178
1.880253
1.880253
1.883294
1.885576
1.885576
1.885917
1.894004
1.894004
1.896898
1.896898
1.897314
1.897314
1.899713
1.901133
1.901133
1.902737
1.902737
1.903501
1.904484
1.904484
1.909435
1.909435
1.911097
1.911097
1.911556
1.913869
1.913869
1.914689
1.914689
1.919238
1.921169
1.921169
1.924140
1.924140
1.925160
1.925491
1.925492
1.926463
1.926560
1.926560
1.928747
1.928747
1.929019
1.929019
1.930580
1.932394
1.932394
1.932617
1.932617
1.932871
1.932871
1.933414
1.933414
1.935234
1.935234
1.937600
1.937600
1.938601
1.938601
1.939509
1.939509
1.941294
1.941294
1.941994
1.941995
1.943197
1.943723
1.943723
1.944235
1.944235
1.945328
1.945328
1.945606
1.945606
1.946161
1.946161
1.946271
1.946271
1.950220
1.950220
1.951023
1.951023
1.953067
1.953067
1.954572
1.954572
1.955844
1.955844
1.955972
1.955972
1.959168
1.959168
1.959374
1.959423
1.959423
1.959583
1.959583
1.960412
1.960412
1.961971
1.961971
1.962872
1.962872
1.963002
1.963002
1.965776
1.965776
1.967772
1.967772
1.969596
1.969596
1.970242
1.970242
1.972291
1.972291
1.972516
1.972516
1.973016
1.973099
1.973099
1.974352
1.974352
1.977811
1.977811
1.977945
1.977945
1.978949
1.978949
1.979908
1.979908
1.980548
1.980548
1.981858
1.981858
1.982017
1.982017
1.983179
1.983179
1.983983
1.984800
1.984800
1.985248
1.985248
1.987709
1.987709
1.988015
1.988015
1.989388
1.989388
1.990205
1.990205
1.991393
1.991393
1.991861
1.991861
1.992319
1.992849
1.992849
1.993018
1.993018
1.993617
1.993617
1.993703
1.993703
1.995308
1.995308
1.996938
1.996938
1.997236
1.997236
1.997743
1.997743
1.997927
1.997927
1.998064
1.998454
1.998454
1.998678
1.998678
1.998729
1.998729
1.998741
1.998741
1.999023
1.999292
1.999292
1.999736
1.999737
1.999957
1.999957
1.999965
2.000084
2.000084
2.000553
2.000553
2.000610
2.000610
2.000708
2.000851
2.000851
2.001845
2.001845
2.001847
2.001847
2.001977
2.001977
2.002267
2.002267
2.002392
2.002466
2.002746
2.002746
2.002807
2.002807
2.003889
2.003889
2.003966
2.003966
2.004345
2.004598
2.005196
2.005196
2.005258
2.005258
2.005860
2.005948
