0.299284
0.299360
0.299360
0.299570
0.299620
0.299620
0.299667
0.299667
0.300008
0.300008
0.300167
0.300167
0.300753
0.300753
0.301169
0.301170
0.301986
0.302033
0.302033
0.302130
0.302130
0.302198
0.302198
0.302566
0.302566
0.302876
0.302876
0.303758
0.303758
0.304804
0.304804
0.305161
0.305161
0.305180
0.305180
0.307133
0.307133
0.307151
0.307151
0.307796
0.308171
0.308171
0.309216
0.309216
0.310349
0.311973
0.311973
0.313917
0.329230
0.331120
0.331120
0.333351
0.333351
0.333588
0.334564
0.334564
0.335768
0.335768
0.337513
0.337513
0.339792
0.339792
0.340087
0.340087
0.346549
0.349342
0.349578
0.349882
0.349882
0.353561
0.353561
0.353910
0.353910
0.355933
0.356999
0.356999
0.358364
0.358364
0.359300
0.359300
0.360606
0.363265
0.363265
0.363671
0.363791
0.363791
0.364669
0.364669
0.364799
0.364799
0.368856
0.368856
0.370517
0.370517
0.371215
0.371215
0.372454
0.372454
0.372873
0.374025
0.374025
0.375317
0.375317
0.375429
0.375429
0.376445
0.376445
0.378580
0.378580
0.380495
0.380495
0.380845
0.380845
0.382821
0.382821
0.382982
0.382982
0.383433
0.388390
0.388390
0.388793
0.388793
0.393882
0.393882
0.396925
0.396925
0.400144
0.400144
0.402968
0.402968
0.403036
0.403036
0.407879
0.407879
0.407975
0.407975
0.410001
0.410785
0.410785
0.412706
0.412706
0.417584
0.417584
0.419995
0.425783
0.425783
0.426848
0.426848
0.430113
0.430113
0.433801
0.433801
0.443885
0.443886
0.447527
0.447527
0.457161
0.457161
0.457169
0.457169
0.459526
0.459526
0.459872
0.459872
0.462026
0.463778
0.483528
0.483528
0.485499
0.485500
0.499192
0.499192
0.504465
0.506676
0.506676
0.514639
0.629809
0.632455
0.632455
0.642811
0.642811
0.660129
0.664096
0.664096
0.664490
0.664490
0.677874
0.677874
0.696729
0.696729
0.700853
0.700853
0.717226
0.721910
0.721910
0.733596
0.733596
0.735658
0.735658
0.739120
0.739120
0.757764
0.757764
0.775452
0.775452
0.787596
0.787596
0.787721
0.787721
0.793850
0.797200
0.797200
0.806669
0.806669
0.820200
0.820200
0.824151
0.824151
0.825251
0.825251
0.833380
0.833380
0.836983
0.836984
0.853058
0.853058
0.855003
0.866541
0.866541
0.867784
0.867784
0.873696
0.873696
0.875120
0.875120
0.877774
0.898113
0.898113
0.898230
0.901236
0.905928
0.905994
0.905994
0.906489
0.906489
0.907670
0.907671
0.908939
0.908939
0.909751
0.909751
0.910594
0.910594
0.921524
0.921524
0.971566
0.976018
1.029404
1.029404
1.034406
1.037745
1.037745
1.042842
1.043788
1.043788
1.044852
1.045472
1.045472
1.045597
1.045597
1.047373
1.047373
1.047855
1.047855
1.048396
1.048396
1.075950
1.075950
1.079715
1.084742
1.084742
1.090085
1.090085
1.094125
1.096943
1.096944
1.115835
1.115835
1.121086
1.121086
1.137426
1.137426
1.138793
1.138793
1.145554
1.145554
1.159567
1.159567
1.176132
1.176132
1.182136
1.182136
1.187777
1.187777
1.191767
1.198182
1.198183
1.205851
1.205851
1.207910
1.211609
1.219238
1.219238
1.224743
1.224743
1.241650
1.241650
1.251946
1.251946
1.254286
1.254286
1.260403
1.260403
1.267802
1.267802
1.274474
1.274474
1.293678
1.293678
1.300072
1.303132
1.307275
1.307275
1.307474
1.307474
1.310300
1.310300
1.312719
1.312719
1.312929
1.312929
1.318812
1.318812
1.333985
1.342857
1.342857
1.365156
1.365156
1.365357
1.365358
1.388068
1.388068
1.395613
1.395613
1.395748
1.395748
1.409931
1.409931
1.414936
1.414936
1.415911
1.415911
1.423629
1.429643
1.431944
1.431944
1.432861
1.432862
1.435453
1.435453
1.439689
1.439690
1.446564
1.446564
1.451306
1.451306
1.452132
1.452132
1.458126
1.458126
1.460324
1.460324
1.460954
1.460954
1.461936
1.461936
1.462453
1.473504
1.473504
1.474380
1.474380
1.482909
1.488301
1.488301
1.494793
1.494793
1.496860
1.496860
1.506309
1.506309
1.518862
1.527458
1.528977
1.528977
1.532897
1.532897
1.535948
1.535948
1.543112
1.543112
1.548756
1.548756
1.556902
1.556902
1.567251
1.570380
1.570381
1.570502
1.570502
1.575657
1.575657
1.586051
1.586051
1.608222
1.608222
1.608703
1.608703
1.609806
1.609806
1.622225
1.622225
1.624070
1.624070
1.626280
1.627943
1.630758
1.630759
1.633861
1.638920
1.638920
1.648613
1.648613
1.652525
1.652525
1.654884
1.654884
1.662961
1.665877
1.749543
1.764023
1.764868
1.764868
1.765202
1.765202
1.769702
1.769702
1.778659
1.778659
1.784737
1.784737
1.788067
1.788067
1.791940
1.791940
1.872579
1.888856
1.888856
1.903414
1.910497
1.910497
1.921038
1.921397
1.921397
1.924316
1.924316
1.930158
1.930158
1.940941
1.940941
1.950689
1.950689
1.952758
1.952758
1.954894
1.954894
1.968245
1.968245
1.971230
1.971230
1.972426
1.972426
1.972637
1.974631
1.974631
1.976692
1.976692
1.989571
1.989571
1.989884
1.989884
1.995937
1.995937
1.997598
1.997598
1.998489
1.998489
1.999103
2.000684
2.000684
2.001482
2.001482
2.001573
