0.298963
0.298963
0.298970
0.298970
0.298982
0.298982
0.298998
0.298999
0.299018
0.299019
0.299042
0.299043
0.299068
0.299069
0.299069
0.299069
0.299069
0.299072
0.299075
0.299075
0.299075
0.299075
0.299086
0.299086
0.299087
0.299087
0.299098
0.299101
0.299101
0.299102
0.299102
0.299102
0.299119
0.299119
0.299121
0.299121
0.299132
0.299134
0.299141
0.299141
0.299144
0.299144
0.299164
0.299168
0.299168
0.299168
0.299168
0.299171
0.299195
0.299195
0.299198
0.299198
0.299200
0.299204
0.299223
0.299223
0.299229
0.299229
0.299234
0.299242
0.299258
0.299258
0.299258
0.299258
0.299270
0.299274
0.299287
0.299287
0.299294
0.299294
0.299301
0.299312
0.299321
0.299321
0.299324
0.299324
0.299337
0.299339
0.299350
0.299350
0.299360
0.299360
0.299361
0.299369
0.299385
0.299385
0.299385
0.299385
0.299386
0.299396
0.299408
0.299408
0.299409
0.299415
0.299418
0.299418
0.299424
0.299428
0.299430
0.299430
0.299430
0.299430
0.299432
0.299433
0.299435
0.299435
0.299435
0.299435
0.299436
0.299436
0.299442
0.299442
0.299443
0.299443
0.299444
0.299444
0.299453
0.299453
0.299454
0.299454
0.299460
0.299460
0.299462
0.299462
0.299467
0.299467
0.299467
0.299467
0.299474
0.299474
0.299478
0.299478
0.299482
0.299483
0.299484
0.299484
0.299486
0.299486
0.299490
0.299490
0.299493
0.299493
0.299500
0.299500
0.299503
0.299503
0.299519
0.299519
0.299520
0.299522
0.299522
0.299541
0.299541
0.299543
0.299543
0.299543
0.299543
0.299560
0.299561
0.299566
0.299566
0.299585
0.299585
0.299585
0.299585
0.299603
0.299603
0.299609
0.299609
0.299626
0.299626
0.299627
0.299629
0.299629
0.299637
0.299637
0.299642
0.299642
0.299647
0.299647
0.299659
0.299659
0.299665
0.299665
0.299674
0.299674
0.299678
0.299678
0.299685
0.299685
0.299686
0.299686
0.299690
0.299690
0.299690
0.299690
0.299742
0.299742
0.299744
0.299744
0.299749
0.299808
0.299808
0.299864
0.299864
0.299884
0.299884
0.299885
0.299969
0.299969
0.299998
0.299998
0.300036
0.300065
0.300065
0.300087
0.300087
0.300087
0.300087
0.300088
0.300088
0.300088
0.300088
0.300089
0.300089
0.300089
0.300089
0.300090
0.300090
0.300090
0.300090
0.300092
0.300092
0.300092
0.300092
0.300093
0.300093
0.300094
0.300094
0.300095
0.300095
0.300095
0.300095
0.300096
0.300096
0.300096
0.300096
0.300096
0.300096
0.300099
0.300099
0.300104
0.300104
0.300111
0.300111
0.300119
0.300119
0.300129
0.300129
0.300141
0.300141
0.300147
0.300147
0.300155
0.300155
0.300171
0.300172
0.300172
0.300172
0.300192
0.300192
0.300203
0.300215
0.300215
0.300241
0.300241
0.300271
0.300271
0.300289
0.300289
0.300304
0.300304
0.300310
0.300310
0.300343
0.300343
0.300385
0.300385
0.300386
0.300419
0.300419
0.300433
0.300433
0.300486
0.300486
0.300489
0.300489
0.300544
0.300544
0.300560
0.300560
0.300587
0.300609
0.300609
0.300680
0.300680
0.300684
0.300684
0.300714
0.300714
0.300757
0.300757
0.300805
0.300841
0.300841
0.300872
0.300872
0.300875
0.300875
0.300880
0.300880
0.300881
0.300881
0.300887
0.300888
0.300896
0.300896
0.300897
0.300897
0.300908
0.300908
0.300922
0.300922
0.300933
0.300933
0.300938
0.300938
0.300956
0.300956
0.300976
0.300976
0.300998
0.300998
0.301022
0.301022
0.301032
0.301032
0.301041
0.301049
0.301049
0.301060
0.301060
0.301078
0.301078
0.301109
0.301109
0.301124
0.301124
0.301138
0.301138
0.301142
0.301142
0.301178
0.301178
0.301216
0.301216
0.301252
0.301252
0.301254
0.301254
0.301256
0.301256
0.301296
0.301299
0.301299
0.301344
0.301345
0.301371
0.301371
0.301374
0.301374
0.301392
0.301393
0.301443
0.301443
0.301460
0.301460
0.301496
0.301496
0.301504
0.301504
0.301552
0.301552
0.301570
0.301611
0.301611
0.301635
0.301635
0.301643
0.301643
0.301673
0.301673
0.301681
0.301681
0.301737
0.301737
0.301789
0.301789
0.301805
0.301805
0.301864
0.301875
0.301875
0.301915
0.301915
0.301917
0.301917
0.301942
0.301942
0.301949
0.301949
0.302026
0.302026
0.302103
0.302103
0.302106
0.302106
0.302163
0.302163
0.302179
0.302189
0.302189
0.302218
0.302218
0.302234
0.302234
0.302242
0.302242
0.302255
0.302255
0.302271
0.302271
0.302276
0.302276
0.302276
0.302276
0.302304
0.302304
0.302333
0.302333
0.302365
0.302365
0.302371
0.302371
0.302409
0.302409
0.302424
0.302424
0.302449
0.302449
0.302458
0.302458
0.302460
0.302460
0.302514
0.302516
0.302516
0.302538
0.302538
0.302554
0.302554
0.302567
0.302567
0.302631
0.302631
0.302635
0.302635
0.302653
0.302653
0.302699
0.302699
0.302708
0.302708
0.302755
0.302755
0.302769
0.302769
0.302828
0.302828
0.302855
0.302855
0.302860
0.302860
0.302870
0.302877
0.302877
0.302944
0.302944
0.302967
0.302967
0.302986
0.302986
0.302997
0.302997
0.303050
0.303050
0.303076
0.303076
0.303115
0.303115
0.303187
0.303187
0.303219
0.303219
0.303219
0.303219
0.303235
0.303235
0.303248
0.303286
0.303286
0.303300
0.303300
0.303328
0.303328
0.303392
0.303392
0.303414
0.303414
0.303459
0.303459
0.303526
0.303526
0.303529
0.303529
0.303597
0.303597
0.303612
0.303612
0.303636
0.303636
0.303644
0.303644
0.303647
0.303648
0.303648
0.303758
0.303758
0.303773
0.303773
0.303821
0.303821
0.303870
0.303870
0.303910
0.303910
0.303917
0.303917
0.303981
0.303981
0.303983
0.303983
0.304007
0.304007
0.304068
0.304076
0.304076
0.304088
0.304088
0.304124
0.304124
0.304192
0.304192
0.304244
0.304244
0.304261
0.304261
0.304263
0.304263
0.304268
0.304268
0.304284
0.304284
0.304291
0.304291
0.304311
0.304311
0.304347
0.304347
0.304385
0.304385
0.304396
0.304396
0.304401
0.304401
0.304421
0.304421
0.304447
0.304447
0.304451
0.304451
0.304471
0.304471
0.304510
0.304523
0.304523
0.304550
0.304550
0.304550
0.304550
0.304569
0.304569
0.304614
0.304614
0.304619
0.304619
0.304621
0.304621
0.304683
0.304683
0.304688
0.304688
0.304715
0.304715
0.304734
0.304734
0.304765
0.304765
0.304775
0.304775
0.304792
0.304792
0.304804
0.304804
0.304822
0.304822
0.304852
0.304852
0.304878
0.304878
0.304891
0.304891
0.304909
0.304909
0.304954
0.304954
0.304974
0.305014
0.305014
0.305052
0.305052
0.305066
0.305066
0.305151
0.305151
0.305195
0.305195
0.305231
0.305231
0.305245
0.305245
0.305301
0.305301
0.305332
0.305332
0.305341
0.305341
0.305384
0.305384
0.305422
0.305423
0.305458
0.305488
0.305488
0.305525
0.305525
0.305588
0.305588
0.305633
0.305633
0.305640
0.305640
0.305658
0.305658
0.305765
0.305765
0.305772
0.305772
0.305773
0.305773
0.305782
0.305782
0.305895
0.305895
0.305901
0.305901
0.305902
0.305902
0.305964
0.306011
0.306011
0.306019
0.306019
0.306041
0.306041
0.306093
0.306094
0.306113
0.306113
0.306124
0.306124
0.306205
0.306205
0.306216
0.306216
0.306242
0.306242
0.306286
0.306286
0.306294
0.306294
0.306294
0.306294
0.306354
0.306354
0.306359
0.306359
0.306362
0.306362
0.306407
0.306407
0.306411
0.306411
0.306446
0.306446
0.306448
0.306448
0.306470
0.306470
0.306470
0.306470
0.306489
0.306511
0.306511
0.306514
0.306515
0.306535
0.306535
0.306576
0.306576
0.306629
0.306629
0.306637
0.306637
0.306704
0.306704
0.306725
0.306725
0.306792
0.306792
0.306802
0.306802
0.306869
0.306869
0.306893
0.306893
0.307018
0.307018
0.307032
0.307095
0.307095
0.307111
0.307111
0.307135
0.307135
0.307252
0.307252
0.307299
0.307299
0.307329
0.307329
0.307418
0.307419
0.307475
0.307475
0.307584
0.307584
0.307585
0.307600
0.307626
0.307626
0.307626
0.307675
0.307691
0.307691
0.307738
0.307781
0.307781
0.307825
0.307840
0.307840
0.307868
0.307868
0.307923
0.307939
0.307939
0.308049
0.308065
0.308065
0.308139
0.308166
0.308166
0.308179
0.308179
0.308219
0.308219
0.308221
0.308344
0.308360
0.308360
0.308417
0.308418
0.308455
0.308455
0.308506
0.308506
0.308529
0.308658
0.308658
0.308683
0.308723
0.308723
0.308774
0.308774
0.308807
0.308827
0.308827
0.308900
0.308900
0.308929
0.308970
0.308970
0.309067
0.309067
0.309142
0.309142
0.309173
0.309197
0.309197
0.309254
0.309254
0.309330
0.309374
0.309374
0.309408
0.309408
0.309448
0.309448
0.309479
0.309587
0.309587
0.309591
0.309591
0.309605
0.309605
0.309668
0.309787
0.309787
0.309787
0.309787
0.309910
0.309910
0.309932
0.309932
0.309951
0.309951
0.309959
0.309959
0.309970
0.310012
0.310097
0.310097
0.310106
0.310106
0.310220
0.310220
0.310228
0.310228
0.310250
0.310250
0.310298
0.310318
0.310318
0.310324
0.310324
0.310390
0.310390
0.310393
0.310393
0.310406
0.310406
0.310434
0.310434
0.310434
0.310434
0.310522
0.310632
0.310632
0.310732
0.310814
0.310814
0.310905
0.311084
0.311084
0.311187
0.311187
0.311279
0.311311
0.311556
0.311556
0.311566
0.311566
0.311675
0.311878
0.311933
0.311933
0.312034
0.312034
0.312130
0.312324
0.312324
0.312360
0.312468
0.312468
0.312687
0.312735
0.312735
0.312803
0.312868
0.312868
0.313155
0.313155
0.313244
0.313244
0.313249
0.313286
0.313565
0.313565
0.313603
0.313603
0.313711
0.313869
0.313946
0.313946
0.313950
0.313950
0.314202
0.314272
0.314272
0.314300
0.314300
0.314408
0.314574
0.314574
0.314612
0.314612
0.314732
0.314847
0.314847
0.314882
0.314882
0.314909
0.315082
0.315082
0.315108
0.315108
0.315272
0.315272
0.315284
0.315288
0.315288
0.315389
0.315412
0.315412
0.315419
0.315419
0.315497
0.315497
0.315499
0.315499
0.315829
0.315858
0.316316
0.316347
0.316759
0.316824
0.317181
0.317255
0.317569
0.317635
0.317910
0.317958
0.318191
0.318220
0.318400
0.318413
0.318529
0.318532
0.331399
0.331399
0.332237
0.332237
0.332237
0.332237
0.335147
0.335147
0.335147
0.335147
0.338574
0.338574
0.338574
0.338574
0.340087
0.340087
0.341498
0.341511
0.341666
0.341667
0.341668
0.341717
0.341782
0.341785
0.341942
0.341972
0.341980
0.342055
0.342238
0.342253
0.342323
0.342519
0.342579
0.342601
0.342802
0.342994
0.343025
0.343100
0.343372
0.343482
0.343522
0.343787
0.344027
0.344043
0.344080
0.344080
0.344087
0.344087
0.344089
0.344199
0.344199
0.344224
0.344224
0.344395
0.344395
0.344452
0.344452
0.344558
0.344666
0.344666
0.344677
0.344723
0.344765
0.344765
0.344770
0.345007
0.345007
0.345161
0.345161
0.345378
0.345384
0.345415
0.345415
0.345420
0.345618
0.345629
0.345629
0.345889
0.345889
0.346157
0.346157
0.346164
0.346175
0.346222
0.346423
0.346423
0.346580
0.346729
0.346729
0.346949
0.346949
0.346975
0.346975
0.346986
0.347015
0.347027
0.347027
0.347090
0.347127
0.347127
0.347135
0.347135
0.347293
0.347293
0.347416
0.347416
0.347417
0.347417
0.347585
0.347585
0.347642
0.347692
0.347692
0.347849
0.347902
0.347902
0.347933
0.347981
0.348017
0.348017
0.348111
0.348111
0.348150
0.348150
0.348564
0.348564
0.348679
0.348679
0.348725
0.348725
0.348732
0.348732
0.348766
0.348788
0.348894
0.348911
0.349251
0.349251
0.349376
0.349376
0.349449
0.349449
0.349476
0.349476
0.349740
0.349822
0.349934
0.349980
0.349980
0.350011
0.350152
0.350152
0.350247
0.350247
0.350315
0.350315
0.350760
0.350777
0.350777
0.350782
0.350976
0.350976
0.350983
0.351149
0.351149
0.351208
0.351208
0.351304
0.351528
0.351528
0.351532
0.351532
0.351642
0.351642
0.351646
0.351646
0.351663
0.351663
0.351703
0.351832
0.351832
0.351840
0.351840
0.351881
0.351881
0.351904
0.352041
0.352108
0.352108
0.352151
0.352151
0.352155
0.352155
0.352186
0.352186
0.352447
0.352447
0.352565
0.352565
0.352577
0.352577
0.352641
0.352670
0.352725
0.352725
0.352853
0.352853
0.353051
0.353051
0.353106
0.353106
0.353145
0.353145
0.353235
0.353235
0.353327
0.353327
0.353552
0.353552
0.353585
0.353601
0.353601
0.353657
0.353657
0.353870
0.353870
0.354091
0.354186
0.354187
0.354187
0.354212
0.354212
0.354326
0.354326
0.354367
0.354493
0.354493
0.354515
0.354636
0.354636
0.354636
0.354636
0.354867
0.354867
0.355208
0.355208
0.355254
0.355254
0.355306
0.355382
0.355382
0.355434
0.355555
0.355555
0.355576
0.355625
0.355680
0.355680
0.355848
0.355848
0.356012
0.356012
0.356279
0.356279
0.356311
0.356311
0.356336
0.356430
0.356430
0.356518
0.356804
0.356804
0.356806
0.356842
0.356842
0.356880
0.356880
0.356903
0.356903
0.357000
0.357000
0.357015
0.357015
0.357038
0.357038
0.357108
0.357151
0.357151
0.357223
0.357224
0.357232
0.357232
0.357234
0.357350
0.357350
0.357458
0.357458
0.357510
0.357510
0.357514
0.357514
0.357816
0.357816
0.357836
0.357836
0.357868
0.357874
0.357874
0.357912
0.357953
0.357953
0.357961
0.357961
0.358072
0.358345
0.358345
0.358372
0.358372
0.358373
0.358373
0.358529
0.358529
0.358665
0.358665
0.358677
0.358677
0.358681
0.358681
0.358734
0.358908
0.358913
0.358913
0.358989
0.359077
0.359077
0.359129
0.359129
0.359282
0.359359
0.359359
0.359413
0.359413
0.359485
0.359485
0.359643
0.359643
0.359714
0.359845
0.359845
0.359851
0.359851
0.359911
0.359911
0.359936
0.359936
0.359967
0.359967
0.359989
0.359989
0.360025
0.360025
0.360092
0.360092
0.360126
0.360158
0.360158
0.360168
0.360168
0.360218
0.360218
0.360314
0.360314
0.360372
0.360449
0.360449
0.360488
0.360488
0.360510
0.360530
0.360537
0.360537
0.360540
0.360540
0.360807
0.360807
0.360860
0.360860
0.360936
0.360936
0.360942
0.360942
0.361117
0.361117
0.361144
0.361144
0.361221
0.361242
0.361242
0.361280
0.361280
0.361429
0.361429
0.361478
0.361478
0.361480
0.361480
0.361493
0.361568
0.361661
0.361661
0.361716
0.361716
0.361755
0.361755
0.361927
0.361938
0.361938
0.361990
0.361990
0.362117
0.362188
0.362188
0.362246
0.362246
0.362269
0.362269
0.362347
0.362347
0.362457
0.362457
0.362539
0.362596
0.362617
0.362617
0.362639
0.362639
0.362808
0.362808
0.362936
0.363003
0.363003
0.363022
0.363022
0.363064
0.363064
0.363192
0.363192
0.363210
0.363266
0.363266
0.363301
0.363301
0.363485
0.363485
0.363539
0.363539
0.363557
0.363557
0.363647
0.363658
0.363658
0.363692
0.363692
0.363782
0.363782
0.363795
0.363825
0.363825
0.363897
0.363916
0.363916
0.363960
0.364034
0.364034
0.364174
0.364174
0.364207
0.364207
0.364228
0.364228
0.364294
0.364294
0.364336
0.364541
0.364541
0.364564
0.364564
0.364624
0.364624
0.364626
0.364626
0.364785
0.364811
0.364811
0.364813
0.364813
0.364820
0.364827
0.364827
0.364855
0.364855
0.365109
0.365109
0.365113
0.365254
0.365254
0.365265
0.365326
0.365326
0.365358
0.365359
0.365524
0.365524
0.365634
0.365634
0.365644
0.365673
0.365673
0.365690
0.365697
0.365697
0.365701
0.365701
0.365704
0.365704
0.365747
0.365781
0.365781
0.365793
0.365793
0.365805
0.365805
0.365810
0.365810
0.365991
0.365991
0.365997
0.365997
0.366002
0.366009
0.366078
0.366078
0.366196
0.366196
0.366244
0.366244
0.366285
0.366285
0.366296
0.366317
0.366317
0.366323
0.366323
0.366454
0.366454
0.366457
0.366457
0.366488
0.366488
0.366535
0.366537
0.366537
0.366571
0.366571
0.366577
0.366577
0.366636
0.366636
0.366647
0.366724
0.366858
0.366884
0.366884
0.366939
0.366967
0.366967
0.367006
0.367006
0.367016
0.367035
0.367036
0.367192
0.367192
0.367206
0.367206
0.367300
0.367300
0.367390
0.367390
0.367398
0.367398
0.367446
0.367446
0.367459
0.367459
0.367535
0.367566
0.367577
0.367577
0.367621
0.367644
0.367644
0.367772
0.367772
0.367825
0.367825
0.367886
0.367886
0.367918
0.367918
0.367969
0.367969
0.368003
0.368074
0.368074
0.368105
0.368105
0.368241
0.368241
0.368260
0.368381
0.368381
0.368524
0.368537
0.368537
0.368577
0.368577
0.368599
0.368599
0.368664
0.368664
0.368679
0.368679
0.368690
0.368719
0.368719
0.368763
0.368763
0.368773
0.368773
0.368802
0.368929
0.368929
0.369253
0.369253
0.369284
0.369284
0.369299
0.369299
0.369330
0.369330
0.369358
0.369358
0.369379
0.369379
0.369391
0.369391
0.369394
0.369394
0.369424
0.369424
0.369526
0.369526
0.369562
0.369601
0.369618
0.369618
0.369734
0.369734
0.369794
0.369794
0.369804
0.369804
0.369827
0.369827
0.369840
0.369840
0.369996
0.369996
0.370059
0.370059
0.370083
0.370083
0.370171
0.370171
0.370318
0.370318
0.370359
0.370359
0.370396
0.370396
0.370398
0.370398
0.370486
0.370486
0.370570
0.370570
0.370571
0.370571
0.370620
0.370620
0.370660
0.370660
0.370720
0.370720
0.370809
0.370809
0.370877
0.370877
0.370935
0.370935
0.371036
0.371036
0.371206
0.371206
0.371335
0.371335
0.371338
0.371338
0.371358
0.371358
0.371388
0.371388
0.371454
0.371454
0.371475
0.371475
0.371559
0.371563
0.371563
0.371621
0.371621
0.371627
0.371627
0.371643
0.371643
0.371653
0.371653
0.371708
0.371708
0.371757
0.371757
0.371771
0.371771
0.371773
0.371877
0.371877
0.371959
0.371959
0.372201
0.372201
0.372313
0.372313
0.372483
0.372483
0.372505
0.372505
0.372564
0.372564
0.372594
0.372594
0.372632
0.372632
0.372656
0.372656
0.372831
0.372831
0.372970
0.372970
0.372998
0.372998
0.373047
0.373047
0.373239
0.373239
0.373280
0.373281
0.373300
0.373300
0.373446
0.373446
0.373569
0.373569
0.373583
0.373583
0.373610
0.373780
0.373780
0.373795
0.373795
0.373822
0.373822
0.373858
0.373858
0.373992
0.373992
0.374045
0.374045
0.374067
0.374115
0.374116
0.374148
0.374148
0.374216
0.374216
0.374266
0.374266
0.374366
0.374366
0.374549
0.374549
0.374642
0.374642
0.374646
0.374646
0.374727
0.374727
0.374731
0.374731
0.374789
0.374789
0.374987
0.374987
0.375068
0.375068
0.375224
0.375224
0.375308
0.375308
0.375330
0.375330
0.375515
0.375515
0.375691
0.375691
0.375716
0.375735
0.375735
0.375757
0.375757
0.375885
0.375885
0.376097
0.376097
0.376209
0.376209
0.376239
0.376239
0.376424
0.376424
0.376457
0.376472
0.376472
0.376494
0.376494
0.376763
0.376763
0.376767
0.376767
0.376927
0.376927
0.377142
0.377142
0.377165
0.377165
0.377364
0.377364
0.377528
0.377528
0.377537
0.377537
0.377618
0.377618
0.377649
0.377649
0.377877
0.377921
0.377921
0.377957
0.377957
0.378049
0.378049
0.378150
0.378150
0.378210
0.378210
0.378488
0.378488
0.378683
0.378683
0.378726
0.378726
0.378794
0.378794
0.378881
0.378881
0.378938
0.379188
0.379188
0.379210
0.379210
0.379275
0.379275
0.379380
0.379380
0.379421
0.379421
0.379444
0.379444
0.379476
0.379476
0.379828
0.379828
0.380005
0.380005
0.380019
0.380019
0.380091
0.380266
0.380266
0.380278
0.380278
0.380573
0.380574
0.380739
0.380739
0.380783
0.380783
0.380833
0.380833
0.380880
0.380880
0.380991
0.380991
0.381107
0.381107
0.381139
0.381140
0.381275
0.381275
0.381447
0.381447
0.381505
0.381575
0.381575
0.381624
0.381624
0.381674
0.381674
0.381983
0.381983
0.382098
0.382098
0.382287
0.382287
0.382323
0.382323
0.382360
0.382460
0.382460
0.382495
0.382495
0.382608
0.382608
0.382792
0.382792
0.382861
0.382861
0.383047
0.383047
0.383091
0.383091
0.383367
0.383367
0.383425
0.383425
0.383431
0.383431
0.383493
0.383493
0.383669
0.383669
0.383757
0.383757
0.383897
0.383897
0.383936
0.383936
0.383991
0.383991
0.384005
0.384005
0.384129
0.384129
0.384156
0.384403
0.384403
0.384525
0.384525
0.384682
0.384781
0.384781
0.384829
0.384829
0.384914
0.384915
0.384927
0.384927
0.385010
0.385010
0.385136
0.385136
0.385217
0.385217
0.385312
0.385312
0.385463
0.385463
0.385478
0.385478
0.385483
0.385483
0.385571
0.385571
0.385581
0.385581
0.385939
0.385939
0.385969
0.385969
0.385992
0.385992
0.385995
0.385995
0.386410
0.386410
0.386433
0.386434
0.386474
0.386474
0.386793
0.386793
0.386887
0.386945
0.386945
0.386975
0.386975
0.387058
0.387233
0.387233
0.387261
0.387261
0.387517
0.387517
0.387525
0.387525
0.387982
0.387982
0.387988
0.387988
0.388041
0.388041
0.388282
0.388282
0.388384
0.388384
0.388456
0.388456
0.388537
0.388537
0.388591
0.388591
0.388786
0.388786
0.388814
0.388814
0.389035
0.389035
0.389127
0.389127
0.389428
0.389428
0.389488
0.389577
0.389578
0.389670
0.389670
0.389697
0.389815
0.389815
0.389879
0.389879
0.390001
0.390001
0.390143
0.390143
0.390264
0.390264
0.390326
0.390326
0.390469
0.390469
0.390625
0.390625
0.390662
0.390662
0.390771
0.390771
0.390781
0.390781
0.390841
0.390841
0.391171
0.391171
0.391200
0.391200
0.391319
0.391319
0.391520
0.391520
0.391789
0.391789
0.391820
0.391820
0.391971
0.392396
0.392397
0.392437
0.392437
0.392557
0.392557
0.392583
0.392854
0.392854
0.392939
0.392939
0.393022
0.393022
0.393336
0.393336
0.393382
0.393382
0.393470
0.393470
0.393947
0.393947
0.394022
0.394022
0.394118
0.394118
0.394506
0.394535
0.394536
0.394856
0.394856
0.394862
0.394862
0.395096
0.395096
0.395183
0.395183
0.395251
0.395251
0.395427
0.395427
0.395474
0.395474
0.395527
0.395527
0.395544
0.396242
0.396242
0.396275
0.396275
0.396822
0.396822
0.396922
0.396922
0.396983
0.396983
0.397094
0.397124
0.397124
0.397251
0.397251
0.397278
0.397278
0.397421
0.397421
0.397609
0.397609
0.397970
0.397970
0.397983
0.397983
0.398166
0.398166
0.398575
0.398685
0.398685
0.398792
0.398792
0.398910
0.398910
0.399288
0.399288
0.399456
0.399456
0.399544
0.399545
0.399717
0.399717
0.399733
0.399903
0.399903
0.400020
0.400020
0.400133
0.400133
0.400419
0.400419
0.400466
0.400467
0.400554
0.400554
0.400765
0.400765
0.401226
0.401226
0.401478
0.401478
0.401604
0.401604
0.401676
0.401716
0.401716
0.401852
0.401852
0.402061
0.402061
0.402262
0.402263
0.402423
0.402507
0.402507
0.402685
0.402685
0.402838
0.402838
0.403225
0.403225
0.403250
0.403250
0.403293
0.403293
0.403354
0.403354
0.403387
0.403387
0.403616
0.403616
0.404069
0.404069
0.404208
0.404208
0.404242
0.404242
0.404527
0.404527
0.404844
0.404976
0.404976
0.405028
0.405028
0.405163
0.405246
0.405246
0.405404
0.405404
0.405454
0.405454
0.405560
0.405560
0.405662
0.405662
0.405881
0.405881
0.406119
0.406119
0.406134
0.406134
0.406210
0.406210
0.406523
0.406523
0.406610
0.406610
0.406650
0.406650
0.406808
0.406809
0.407075
0.407075
0.407382
0.407382
0.407586
0.407586
0.407635
0.407635
0.407686
0.407686
0.407694
0.407694
0.407889
0.407889
0.407952
0.407999
0.407999
0.408075
0.408119
0.408119
0.408171
0.408171
0.408406
0.408406
0.408587
0.408587
0.408766
0.408766
0.409059
0.409059
0.409199
0.409199
0.409390
0.409390
0.409505
0.409505
0.409717
0.409717
0.410308
0.410308
0.410359
0.410359
0.410578
0.410578
0.410789
0.410982
0.410982
0.411168
0.411168
0.411173
0.411173
0.411308
0.411308
0.411367
0.411551
0.411551
0.411776
0.411776
0.411907
0.411907
0.412119
0.412119
0.412363
0.412363
0.412458
0.412458
0.412843
0.412843
0.413100
0.413100
0.413129
0.413129
0.413498
0.413498
0.413672
0.413834
0.413834
0.413864
0.413864
0.413906
0.413906
0.413968
0.413968
0.414086
0.414086
0.414136
0.414136
0.414214
0.414214
0.414446
0.414446
0.414580
0.414580
0.414717
0.414874
0.414874
0.415259
0.415259
0.415587
0.415587
0.415587
0.415588
0.416384
0.416384
0.416601
0.416627
0.416627
0.416660
0.416660
0.416722
0.416723
0.416808
0.416808
0.417286
0.417286
0.417567
0.417567
0.418122
0.418352
0.418352
0.418663
0.418663
0.418863
0.418863
0.418956
0.418956
0.419272
0.419272
0.419573
0.419643
0.419643
0.419689
0.419689
0.419899
0.419899
0.420043
0.420043
0.420594
0.420594
0.420967
0.420967
0.421578
0.421692
0.421692
0.421919
0.421919
0.422186
0.422186
0.422198
0.422198
0.422237
0.422237
0.422586
0.422593
0.422593
0.422609
0.422609
0.423288
0.423289
0.423291
0.423291
0.423768
0.423768
0.424576
0.424576
0.424598
0.424599
0.424826
0.424826
0.425082
0.425300
0.425300
0.425550
0.425550
0.425566
0.425566
0.425567
0.425567
0.425630
0.425630
0.425638
0.426301
0.426301
0.426784
0.426784
0.426908
0.426908
0.427307
0.427307
0.427719
0.427720
0.427979
0.427979
0.428201
0.428201
0.428559
0.428559
0.428560
0.428560
0.428630
0.428727
0.428952
0.428952
0.429091
0.429091
0.429231
0.429231
0.429531
0.429531
0.430040
0.430041
0.430332
0.430332
0.430418
0.430418
0.430773
0.430773
0.431540
0.431540
0.431570
0.431570
0.431583
0.431583
0.431658
0.431658
0.431851
0.431968
0.431968
0.432219
0.432388
0.432388
0.432684
0.432684
0.432739
0.432739
0.432796
0.432796
0.433176
0.433176
0.433697
0.433697
0.433831
0.433831
0.434275
0.434275
0.434591
0.434591
0.434637
0.434637
0.434655
0.434655
0.435005
0.435026
0.435026
0.435094
0.435094
0.435570
0.435571
0.435674
0.435674
0.435820
0.435820
0.435844
0.435852
0.435852
0.436099
0.436099
0.436262
0.436262
0.436654
0.436655
0.436929
0.436929
0.437023
0.437024
0.437255
0.437255
0.437355
0.437355
0.437395
0.437395
0.437619
0.437619
0.437717
0.437717
0.437987
0.437987
0.438188
0.438342
0.438342
0.438359
0.438359
0.438970
0.438970
0.439341
0.439341
0.439502
0.439662
0.439662
0.439870
0.439870
0.440553
0.440553
0.440650
0.440650
0.440679
0.440679
0.440821
0.440821
0.441156
0.441157
0.441390
0.441390
0.441394
0.441941
0.441941
0.441999
0.441999
0.442502
0.442502
0.442729
0.442729
0.442847
0.442847
0.442896
0.442897
0.443180
0.443180
0.443187
0.443350
0.443350
0.443677
0.443677
0.443944
0.443944
0.443959
0.443959
0.444187
0.444187
0.444621
0.444865
0.444865
0.446363
0.446363
0.446392
0.446392
0.446697
0.446697
0.446762
0.446762
0.446896
0.446955
0.446955
0.447088
0.447088
0.447865
0.448550
0.448550
0.448995
0.448995
0.449559
0.449559
0.449703
0.449703
0.449864
0.449864
0.450266
0.450266
0.450622
0.450653
0.450653
0.450981
0.450981
0.451120
0.452345
0.452345
0.452691
0.452691
0.452695
0.452695
0.452907
0.452907
0.453237
0.453237
0.453582
0.453582
0.454362
0.454381
0.454667
0.454667
0.454770
0.454770
0.455115
0.455115
0.455655
0.455655
0.456437
0.456437
0.456562
0.456562
0.456565
0.456565
0.457069
0.457069
0.457643
0.457862
0.457862
0.458110
0.458289
0.458289
0.458371
0.458371
0.458589
0.458589
0.459587
0.459587
0.459939
0.459939
0.460085
0.460085
0.460579
0.460580
0.460593
0.460593
0.460901
0.461487
0.461487
0.461514
0.461514
0.461693
0.461693
0.461860
0.462715
0.462715
0.463012
0.463012
0.463187
0.463187
0.463262
0.463262
0.464115
0.464115
0.464148
0.464343
0.464343
0.464431
0.464431
0.464558
0.464558
0.465607
0.465770
0.465770
0.465800
0.465800
0.465820
0.465820
0.465902
0.465903
0.466912
0.466912
0.467024
0.467024
0.467150
0.467151
0.467378
0.467623
0.467623
0.467894
0.467894
0.468181
0.468181
0.468494
0.468494
0.468752
0.468752
0.468897
0.468897
0.469208
0.469208
0.469344
0.469511
0.469511
0.469903
0.469903
0.469960
0.469960
0.470307
0.470307
0.470448
0.470448
0.470583
0.470784
0.470784
0.470975
0.470975
0.471030
0.471030
0.471109
0.471109
0.471131
0.471131
0.471846
0.471846
0.471938
0.471938
0.472445
0.472445
0.472595
0.472595
0.472915
0.472915
0.473065
0.473254
0.473254
0.473458
0.473458
0.473503
0.473503
0.473756
0.474565
0.474565
0.474938
0.474938
0.475218
0.475218
0.475905
0.475906
0.476763
0.476890
0.477767
0.477767
0.477889
0.477889
0.477985
0.477985
0.478231
0.478231
0.479976
0.480234
0.480234
0.480432
0.480473
0.480473
0.480782
0.480782
0.481361
0.481361
0.482612
0.482612
0.482623
0.482624
0.483006
0.483611
0.483611
0.484065
0.484676
0.484676
0.484686
0.484686
0.484895
0.484895
0.485972
0.486367
0.486367
0.486623
0.486623
0.487075
0.487075
0.487653
0.487951
0.487951
0.488460
0.488460
0.488864
0.489043
0.489043
0.489144
0.489144
0.490180
0.490180
0.491092
0.491092
0.491144
0.491144
0.491191
0.491636
0.491636
0.491675
0.491782
0.491782
0.492891
0.492891
0.493282
0.493282
0.494067
0.494067
0.494326
0.494326
0.494394
0.494426
0.494426
0.494668
0.494784
0.494784
0.495659
0.495659
0.496313
0.496313
0.496475
0.496475
0.496707
0.496707
0.497015
0.497344
0.497344
0.497595
0.497595
0.497743
0.497743
0.498078
0.498326
0.498327
0.498747
0.498747
0.498874
0.498874
0.499066
0.499066
0.499295
0.499295
0.499527
0.499542
0.499542
0.500213
0.500213
0.500296
0.500296
0.500897
0.500897
0.501225
0.501225
0.501413
0.501924
0.502088
0.502088
0.502797
0.502798
0.502920
0.502920
0.503151
0.503151
0.503352
0.503352
0.503749
0.503749
0.503988
0.503988
0.504198
0.504662
0.504812
0.504812
0.505897
0.505897
0.506343
0.506570
0.506570
0.507819
0.508156
0.508156
0.508352
0.508557
0.508557
0.509633
0.509633
0.510220
0.510874
0.510951
0.510951
0.511059
0.511059
0.511943
0.512118
0.512118
0.513121
0.513121
0.513449
0.513449
0.513519
0.513817
0.513985
0.513985
0.514688
0.514688
0.514944
0.515233
0.515233
0.515625
0.515625
0.515688
0.515688
0.515859
0.515859
0.516218
0.516641
0.517340
0.517784
0.517784
0.518309
0.519128
0.519335
0.519727
0.519727
0.519795
0.520313
0.520682
0.520903
0.521508
0.521508
0.521892
0.523122
0.523122
0.524302
0.524561
0.524561
0.525821
0.525821
0.526556
0.526895
0.526895
0.527781
0.527781
0.528473
0.528473
0.528647
0.528970
0.528970
0.529269
0.529269
0.530565
0.532305
0.533857
0.535217
0.536378
0.537335
0.538084
0.538621
0.538945
0.624015
0.624065
0.624152
0.624280
0.624454
0.624682
0.624892
0.624892
0.624971
0.624979
0.624979
0.625127
0.625127
0.625330
0.625337
0.625337
0.625615
0.625615
0.625767
0.625964
0.625964
0.626293
0.626391
0.626391
0.626902
0.626902
0.626914
0.627502
0.627502
0.627641
0.628199
0.628199
0.628480
0.628997
0.628997
0.629437
0.629903
0.629903
0.630520
0.630922
0.630922
0.631734
0.632059
0.632059
0.632288
0.632288
0.632435
0.632435
0.632680
0.632680
0.633025
0.633025
0.633081
0.633317
0.633317
0.633471
0.633471
0.634020
0.634020
0.634566
0.634673
0.634673
0.634701
0.634701
0.635432
0.635432
0.636190
0.636212
0.636212
0.636300
0.636300
0.637278
0.637278
0.637854
0.637854
0.637955
0.638369
0.638369
0.639573
0.639573
0.639628
0.639628
0.639863
0.640894
0.640894
0.641535
0.641535
0.641913
0.642331
0.642331
0.643576
0.643576
0.643888
0.643888
0.644105
0.645563
0.645563
0.645750
0.645750
0.646439
0.647359
0.647359
0.648057
0.648057
0.648913
0.649276
0.649276
0.650498
0.650498
0.651314
0.651314
0.651527
0.651951
0.651951
0.652128
0.652128
0.652423
0.652423
0.652837
0.652837
0.653070
0.653070
0.653369
0.653369
0.653473
0.653473
0.654019
0.654019
0.654278
0.654788
0.654788
0.655677
0.655677
0.655752
0.655752
0.655774
0.655774
0.656684
0.656684
0.657165
0.657811
0.657811
0.658152
0.658152
0.658608
0.658608
0.659057
0.659057
0.660186
0.660422
0.660422
0.660672
0.660672
0.661570
0.661570
0.661906
0.661906
0.663311
0.663311
0.663340
0.663509
0.663509
0.664658
0.664658
0.665232
0.665232
0.666068
0.666068
0.666623
0.667072
0.667072
0.667872
0.667872
0.668943
0.668943
0.669030
0.669030
0.670035
0.671105
0.671105
0.671209
0.671209
0.671932
0.671933
0.673297
0.673297
0.673572
0.674667
0.674667
0.675037
0.675037
0.675604
0.675604
0.677233
0.678026
0.678026
0.678245
0.678245
0.678254
0.678254
0.680560
0.680560
0.681016
0.681582
0.681582
0.681939
0.681939
0.683207
0.683207
0.684119
0.684119
0.684304
0.684304
0.684612
0.684612
0.684917
0.685020
0.685020
0.685042
0.685043
0.685596
0.685596
0.685749
0.685749
0.685964
0.685964
0.686272
0.686272
0.687071
0.687071
0.687992
0.687992
0.688565
0.688565
0.688831
0.688831
0.688935
0.689034
0.689034
0.689672
0.689672
0.690198
0.690198
0.691483
0.691483
0.691804
0.691804
0.692216
0.692216
0.692888
0.692888
0.693067
0.693706
0.693706
0.694413
0.694413
0.694883
0.694883
0.695970
0.695970
0.696056
0.696056
0.697312
0.697817
0.697817
0.697848
0.697848
0.698065
0.698065
0.699695
0.699695
0.699824
0.699824
0.701348
0.701348
0.701666
0.701689
0.701689
0.702095
0.702095
0.703777
0.703777
0.703798
0.703798
0.704731
0.704731
0.706019
0.706019
0.706127
0.706446
0.706446
0.707826
0.707826
0.708209
0.708209
0.708353
0.708353
0.710693
0.710796
0.710796
0.710898
0.710898
0.711781
0.711781
0.711967
0.711967
0.713347
0.713347
0.715361
0.715444
0.715444
0.715448
0.715448
0.716005
0.716005
0.716199
0.716199
0.718766
0.718766
0.719194
0.719194
0.720093
0.720093
0.720128
0.720517
0.720517
0.721629
0.721629
0.723028
0.723028
0.724591
0.724592
0.724830
0.724830
0.724919
0.724919
0.724993
0.726417
0.726417
0.726603
0.726603
0.726910
0.726910
0.726944
0.726944
0.727344
0.727344
0.727650
0.727650
0.727900
0.727900
0.728578
0.728578
0.729379
0.729379
0.729401
0.729401
0.729657
0.729657
0.729951
0.730301
0.730301
0.730801
0.730802
0.730934
0.730934
0.731346
0.731346
0.732511
0.732511
0.733795
0.733795
0.733959
0.733959
0.734043
0.734043
0.734570
0.734570
0.734998
0.734998
0.735001
0.735200
0.735200
0.736722
0.736722
0.737371
0.737371
0.738359
0.738359
0.738589
0.738589
0.739132
0.739132
0.739567
0.739567
0.740116
0.740116
0.740140
0.740782
0.740782
0.741986
0.741986
0.743287
0.743287
0.743323
0.743323
0.743971
0.743971
0.744271
0.744271
0.744643
0.744643
0.745365
0.746060
0.746060
0.747580
0.747580
0.747834
0.747834
0.748049
0.748049
0.748263
0.748263
0.749796
0.749796
0.750574
0.750574
0.750673
0.751466
0.751466
0.751882
0.751882
0.752869
0.752869
0.752990
0.752990
0.755022
0.755022
0.755162
0.755162
0.755501
0.755501
0.756061
0.756240
0.756240
0.757743
0.757743
0.758120
0.758120
0.758917
0.758917
0.760317
0.760317
0.760629
0.760629
0.760833
0.760833
0.761525
0.762664
0.762664
0.762723
0.762723
0.763639
0.763639
0.765052
0.765052
0.765676
0.765676
0.766535
0.766535
0.766575
0.766575
0.767064
0.767628
0.767628
0.769444
0.769444
0.769573
0.769573
0.770465
0.770465
0.771097
0.771097
0.772570
0.772570
0.772627
0.772627
0.772674
0.773976
0.773976
0.774385
0.774385
0.774581
0.774581
0.774771
0.774771
0.775087
0.775087
0.775529
0.775529
0.775708
0.775708
0.776096
0.776096
0.776575
0.776575
0.776790
0.776790
0.777604
0.777605
0.777658
0.777659
0.778327
0.778327
0.778351
0.778450
0.778450
0.778551
0.778551
0.778915
0.778915
0.779617
0.779617
0.780806
0.780806
0.782105
0.782105
0.782118
0.782118
0.782187
0.782187
0.782282
0.782282
0.782705
0.782705
0.782925
0.782925
0.783551
0.783551
0.784092
0.785102
0.785102
0.785517
0.785517
0.786240
0.786240
0.786773
0.786773
0.787388
0.787388
0.787682
0.787682
0.787768
0.787768
0.788562
0.788562
0.788900
0.788900
0.789894
0.790190
0.790190
0.790463
0.790464
0.791822
0.791822
0.792333
0.792333
0.792480
0.792480
0.792837
0.792837
0.793301
0.793301
0.794120
0.794120
0.794608
0.794608
0.795754
0.795765
0.795765
0.796257
0.796257
0.796842
0.796842
0.797903
0.797903
0.798018
0.798019
0.798958
0.798958
0.799184
0.799184
0.799259
0.799259
0.800611
0.800611
0.801629
0.801629
0.801667
0.801871
0.801871
0.802761
0.802761
0.802951
0.802952
0.804174
0.804174
0.804645
0.804645
0.804911
0.804911
0.805664
0.805664
0.806268
0.806268
0.806810
0.806810
0.807631
0.807979
0.807979
0.809137
0.809137
0.809382
0.809382
0.809542
0.809542
0.809767
0.809767
0.810357
0.810357
0.812359
0.812359
0.812966
0.812966
0.813008
0.813008
0.813246
0.813246
0.813272
0.813272
0.813641
0.815257
0.815257
0.816088
0.816088
0.816524
0.816524
0.816691
0.816691
0.817299
0.817299
0.817899
0.817899
0.818236
0.818236
0.819160
0.819160
0.819365
0.819365
0.819694
0.819708
0.819708
0.819912
0.819912
0.820086
0.820086
0.820187
0.820187
0.820803
0.820803
0.821199
0.821199
0.821269
0.821269
0.821555
0.821555
0.821829
0.821829
0.822444
0.822444
0.822782
0.822782
0.823152
0.823152
0.823415
0.823415
0.823468
0.823468
0.824372
0.824372
0.824628
0.824628
0.824955
0.824955
0.825786
0.825922
0.825922
0.826225
0.826225
0.826660
0.826660
0.827350
0.827350
0.827527
0.827527
0.827574
0.827574
0.827577
0.827577
0.828544
0.828544
0.828912
0.828912
0.829109
0.829109
0.829803
0.829803
0.830606
0.830606
0.830725
0.830725
0.831784
0.831784
0.831912
0.831946
0.831946
0.832276
0.832276
0.832432
0.832432
0.832824
0.832824
0.833314
0.833314
0.833956
0.833956
0.834228
0.834228
0.834387
0.834387
0.835137
0.835137
0.835704
0.835704
0.836421
0.836421
0.836472
0.836472
0.836856
0.836856
0.837214
0.837214
0.838068
0.838090
0.838090
0.838343
0.838343
0.838427
0.838427
0.838684
0.838684
0.839039
0.839039
0.839576
0.839797
0.839975
0.839975
0.840165
0.840462
0.840462
0.840681
0.840763
0.840763
0.840989
0.840989
0.841021
0.841021
0.841302
0.841302
0.841319
0.841319
0.841344
0.842154
0.842307
0.842307
0.842973
0.842973
0.843111
0.843129
0.843129
0.843373
0.843373
0.843481
0.843481
0.843523
0.843523
0.843716
0.843716
0.844216
0.844250
0.844738
0.844738
0.845212
0.845212
0.845468
0.845511
0.845511
0.845615
0.845615
0.846062
0.846062
0.846868
0.846946
0.846946
0.847021
0.847021
0.847355
0.847355
0.848416
0.848542
0.848542
0.848761
0.848761
0.848880
0.848880
0.849734
0.849734
0.849756
0.849756
0.850071
0.850071
0.850111
0.850134
0.850135
0.850400
0.850400
0.850453
0.850645
0.850645
0.850920
0.850920
0.851190
0.851190
0.851524
0.851524
0.851575
0.851575
0.851582
0.851582
0.851953
0.853262
0.853262
0.853652
0.853652
0.853943
0.854499
0.854499
0.856011
0.856011
0.856080
0.856306
0.856306
0.856671
0.857342
0.857342
0.857530
0.857530
0.858365
0.859242
0.859242
0.860661
0.860661
0.860777
0.860777
0.860797
0.861556
0.861556
0.862044
0.862044
0.862897
0.863376
0.863888
0.863888
0.863931
0.863931
0.864684
0.864684
0.866102
0.866776
0.866776
0.867015
0.867015
0.867133
0.867133
0.867202
0.867202
0.868975
0.869123
0.869281
0.869281
0.869364
0.869364
0.870596
0.870596
0.871317
0.871317
0.871449
0.871449
0.871995
0.872367
0.872367
0.873000
0.873000
0.873222
0.873222
0.874058
0.874058
0.874362
0.874362
0.874600
0.874600
0.875161
0.875334
0.875379
0.875379
0.875572
0.875572
0.876024
0.876024
0.876132
0.876132
0.876280
0.876280
0.877577
0.877577
0.877584
0.877584
0.878472
0.881139
0.881139
0.881507
0.881930
0.882628
0.882628
0.884726
0.884726
0.885533
0.887433
0.887433
0.887575
0.888326
0.888326
0.889280
0.891683
0.891683
0.892135
0.892135
0.893171
0.893313
0.895147
0.895147
0.896149
0.896149
0.897206
0.897769
0.898192
0.898192
0.899642
0.899642
0.900228
0.900708
0.900708
0.901383
0.902810
0.902810
0.903078
0.903274
0.903274
0.905703
0.905890
0.905890
0.906278
0.906278
0.906877
0.906877
0.906877
0.906877
0.908015
0.908807
0.908807
0.909335
0.909335
0.909341
0.909341
0.909341
0.909341
0.910164
0.910597
0.910597
0.911466
0.911466
0.912096
0.912096
0.913777
0.913777
0.913844
0.914387
0.914387
0.914764
0.915653
0.915653
0.916103
0.916103
0.916985
0.916985
0.917167
0.917167
0.918774
0.918774
0.918790
0.918790
0.919504
0.919883
0.924382
0.925976
0.929397
0.932073
0.934547
0.938153
0.939831
0.944204
0.945247
0.950217
0.950795
0.956187
0.956471
0.962106
0.962274
0.967969
0.968201
0.973772
0.974251
0.979509
0.980421
0.985176
0.986707
0.990768
0.993106
0.996280
0.999612
1.001709
1.006220
1.007050
1.012298
1.012917
1.017450
1.019680
1.022500
1.026446
1.027446
1.027725
1.027725
1.027808
1.027808
1.028332
1.028332
1.028608
1.028608
1.029566
1.029566
1.030106
1.030106
1.031363
1.031363
1.032258
1.032258
1.032283
1.032931
1.033641
1.033641
1.034939
1.034939
1.036324
1.036324
1.037008
1.037581
1.037818
1.037818
1.039371
1.039371
1.039686
1.040235
1.040235
1.041615
1.042221
1.042221
1.042786
1.042786
1.043007
1.044664
1.044664
1.044664
1.044664
1.044844
1.044844
1.046103
1.046386
1.046386
1.047614
1.047614
1.047614
1.047614
1.048391
1.048391
1.048677
1.048677
1.049200
1.050077
1.050077
1.050467
1.053365
1.053365
1.053863
1.053863
1.054703
1.056249
1.057723
1.057723
1.058581
1.058581
1.058809
1.061631
1.061631
1.062781
1.063548
1.064173
1.064173
1.065569
1.065569
1.066615
1.069419
1.069419
1.070163
1.070163
1.070309
1.070986
1.073354
1.073354
1.073860
1.076311
1.076311
1.077219
1.077219
1.077265
1.077573
1.077573
1.077591
1.077591
1.078129
1.078129
1.078182
1.078182
1.078526
1.079105
1.079105
1.079168
1.079168
1.080521
1.080532
1.080533
1.080539
1.080539
1.081027
1.081027
1.082273
1.082273
1.082424
1.082424
1.082717
1.082717
1.083626
1.084344
1.084345
1.084771
1.084771
1.084775
1.084775
1.086152
1.086576
1.086722
1.086722
1.087573
1.087573
1.088410
1.088410
1.089355
1.089355
1.089371
1.089374
1.089374
1.090796
1.090796
1.091996
1.091996
1.092007
1.092271
1.092271
1.093854
1.094408
1.094408
1.094483
1.095393
1.095393
1.095476
1.095476
1.096133
1.096133
1.096796
1.098279
1.098279
1.098814
1.098814
1.098853
1.098853
1.098946
1.100929
1.101624
1.101931
1.101931
1.102104
1.102104
1.102745
1.102956
1.102956
1.103093
1.103093
1.104392
1.105256
1.105256
1.105510
1.105510
1.105870
1.107176
1.107620
1.107620
1.108280
1.108280
1.108310
1.109159
1.109159
1.109271
1.109456
1.110058
1.110169
1.110169
1.110671
1.111109
1.111142
1.111142
1.111179
1.111179
1.111180
1.111180
1.111372
1.111619
1.111619
1.111751
1.111751
1.112453
1.112453
1.112609
1.112609
1.112699
1.112699
1.112875
1.112875
1.113675
1.113675
1.113933
1.113933
1.114017
1.114017
1.115298
1.115298
1.115690
1.115690
1.116558
1.116558
1.116641
1.116641
1.117323
1.117323
1.117344
1.117384
1.117384
1.117701
1.117701
1.117877
1.117877
1.119042
1.119042
1.119739
1.119739
1.120028
1.120028
1.120441
1.120442
1.121377
1.121377
1.122534
1.122534
1.122649
1.122649
1.122956
1.122956
1.123373
1.123373
1.123470
1.123470
1.123567
1.123567
1.124280
1.124280
1.124347
1.124347
1.124702
1.124702
1.125281
1.125539
1.125539
1.125597
1.125598
1.125607
1.125607
1.125690
1.125690
1.127222
1.127223
1.127489
1.127489
1.128015
1.128015
1.128674
1.128674
1.129185
1.129185
1.129197
1.129197
1.129213
1.129213
1.129218
1.129218
1.130787
1.130787
1.131555
1.131555
1.131829
1.131830
1.132028
1.132028
1.132118
1.132118
1.132198
1.132198
1.132998
1.132998
1.133261
1.133447
1.133447
1.134231
1.134231
1.134531
1.134531
1.135129
1.135130
1.135451
1.135451
1.135577
1.135577
1.135599
1.135599
1.136204
1.136204
1.136792
1.136792
1.137106
1.137106
1.137212
1.137212
1.137221
1.137221
1.137464
1.137464
1.139299
1.139299
1.139326
1.139327
1.139615
1.139615
1.140503
1.140503
1.141253
1.141253
1.141279
1.141483
1.141483
1.143006
1.143006
1.143173
1.143173
1.144054
1.144054
1.146096
1.146096
1.146579
1.146579
1.147182
1.147182
1.147186
1.147186
1.147584
1.147584
1.147853
1.147853
1.149325
1.149754
1.150132
1.150133
1.150296
1.150857
1.150857
1.151196
1.151385
1.151385
1.151875
1.151875
1.152452
1.153182
1.153590
1.153591
1.153869
1.154003
1.154003
1.154056
1.154811
1.154811
1.155012
1.155332
1.155332
1.156007
1.156100
1.156100
1.156161
1.156161
1.156604
1.156959
1.156959
1.157393
1.158301
1.158640
1.159626
1.159626
1.160186
1.160186
1.160504
1.160504
1.160607
1.160607
1.160909
1.161113
1.161370
1.161370
1.162489
1.162489
1.163385
1.163385
1.163846
1.163940
1.163940
1.164011
1.165066
1.165067
1.165486
1.166443
1.166443
1.166772
1.166772
1.167096
1.167242
1.167242
1.167325
1.168117
1.168117
1.168185
1.168185
1.168282
1.168282
1.168716
1.168716
1.168733
1.168733
1.169385
1.169385
1.169650
1.169650
1.169693
1.169693
1.169767
1.169768
1.170205
1.170205
1.170630
1.170966
1.170966
1.171022
1.171022
1.171043
1.172193
1.172193
1.172324
1.172324
1.172639
1.172639
1.172667
1.172667
1.172701
1.172701
1.173593
1.174012
1.174012
1.174463
1.174587
1.174587
1.174721
1.174721
1.174757
1.174757
1.174888
1.174889
1.175151
1.177001
1.177001
1.177062
1.177062
1.177237
1.177237
1.177450
1.177450
1.177956
1.177956
1.178002
1.178002
1.178571
1.179507
1.179507
1.179635
1.179721
1.179721
1.179867
1.179867
1.180103
1.180103
1.180855
1.180855
1.181355
1.181355
1.181687
1.182158
1.182158
1.182680
1.182680
1.182946
1.183348
1.183348
1.183783
1.183783
1.184302
1.184302
1.184480
1.184508
1.184508
1.185691
1.185691
1.185707
1.185707
1.185945
1.185945
1.186294
1.186295
1.186957
1.186957
1.187553
1.187753
1.187753
1.188144
1.188144
1.189472
1.189472
1.189575
1.189575
1.189598
1.189598
1.189671
1.189794
1.189841
1.189841
1.190050
1.190050
1.190908
1.190908
1.191380
1.191380
1.192411
1.192765
1.192765
1.193306
1.193306
1.193494
1.193494
1.193989
1.193990
1.194206
1.194206
1.194691
1.194691
1.194702
1.194702
1.195057
1.195057
1.195165
1.195165
1.195192
1.195644
1.195644
1.195962
1.195962
1.196703
1.196704
1.197281
1.197282
1.197443
1.197443
1.197491
1.197695
1.197695
1.197872
1.197943
1.197943
1.198417
1.198417
1.199675
1.199675
1.199840
1.199840
1.201027
1.201264
1.201264
1.201636
1.201636
1.201680
1.201680
1.201912
1.201912
1.202556
1.202556
1.202780
1.204380
1.204380
1.205009
1.205009
1.205927
1.206622
1.206622
1.206742
1.206742
1.207160
1.207675
1.207675
1.208264
1.208678
1.208678
1.208970
1.208971
1.209022
1.209022
1.209231
1.209231
1.209514
1.209514
1.210182
1.210182
1.210408
1.210409
1.210608
1.210608
1.211638
1.211638
1.211958
1.211958
1.213178
1.213178
1.213574
1.213726
1.213726
1.213897
1.213979
1.214212
1.214212
1.214518
1.214518
1.214991
1.214991
1.215347
1.215347
1.215679
1.215679
1.216752
1.216752
1.217029
1.217029
1.217545
1.217545
1.218284
1.218284
1.219134
1.219135
1.219327
1.219327
1.219355
1.219355
1.219757
1.219764
1.219764
1.219833
1.219833
1.220252
1.220491
1.220491
1.220648
1.220648
1.221236
1.221236
1.221923
1.221986
1.221986
1.222176
1.222177
1.222669
1.222669
1.222972
1.222972
1.223468
1.223468
1.224440
1.224440
1.224479
1.224479
1.224582
1.224582
1.224944
1.224944
1.225574
1.225574
1.225601
1.225601
1.225737
1.225894
1.225894
1.227082
1.227083
1.227178
1.227305
1.227305
1.229047
1.229047
1.229626
1.229626
1.229691
1.229691
1.229835
1.229901
1.229901
1.229969
1.229969
1.230056
1.230056
1.230666
1.230666
1.231850
1.231921
1.231921
1.232078
1.232078
1.232415
1.232415
1.232955
1.232955
1.233141
1.233141
1.234336
1.235494
1.235494
1.235613
1.235613
1.235675
1.235675
1.236178
1.236178
1.236293
1.236293
1.236445
1.236445
1.236587
1.236587
1.237672
1.237955
1.237955
1.238078
1.238709
1.238709
1.239641
1.239641
1.239945
1.239945
1.240027
1.240027
1.240617
1.240617
1.241149
1.241149
1.241667
1.241667
1.241709
1.242887
1.242887
1.243393
1.243393
1.243732
1.243732
1.243899
1.243899
1.243935
1.243935
1.244403
1.244494
1.244494
1.245415
1.245481
1.245481
1.246936
1.246936
1.247113
1.247113
1.247156
1.247156
1.247589
1.247589
1.248218
1.248218
1.249283
1.249686
1.249686
1.249754
1.249754
1.249796
1.249796
1.250172
1.250172
1.250257
1.250257
1.250801
1.251619
1.251619
1.252066
1.252066
1.252758
1.252758
1.252882
1.252882
1.253040
1.254287
1.254287
1.254466
1.254466
1.254936
1.254936
1.255598
1.255598
1.255858
1.255858
1.256360
1.256360
1.256640
1.256640
1.256845
1.256845
1.257040
1.257250
1.257409
1.257409
1.258273
1.258273
1.259084
1.259084
1.259508
1.259509
1.260024
1.260024
1.260439
1.260439
1.260518
1.261289
1.261289
1.261617
1.261617
1.261667
1.261667
1.262026
1.262026
1.263047
1.263047
1.263285
1.263285
1.263360
1.263360
1.263721
1.263965
1.263965
1.264310
1.264310
1.264967
1.265054
1.265054
1.265408
1.265408
1.265440
1.265440
1.265605
1.265605
1.265765
1.265765
1.266338
1.266338
1.266516
1.266516
1.266565
1.266565
1.266857
1.266857
1.267102
1.267102
1.267697
1.267697
1.267786
1.267786
1.267811
1.268122
1.268122
1.268297
1.268298
1.268377
1.268377
1.268643
1.268643
1.269398
1.269398
1.269611
1.269611
1.269685
1.269685
1.270183
1.270857
1.270857
1.271084
1.271085
1.271333
1.271333
1.272275
1.272275
1.272497
1.272497
1.272985
1.272985
1.273047
1.273584
1.273584
1.274861
1.275185
1.275185
1.275351
1.275351
1.275921
1.275921
1.276055
1.276055
1.276112
1.276112
1.276551
1.276551
1.276557
1.276557
1.276602
1.277511
1.277511
1.278884
1.278884
1.280013
1.280013
1.280468
1.280469
1.280538
1.280538
1.281193
1.281193
1.281266
1.281588
1.281824
1.281824
1.281829
1.281829
1.282232
1.282232
1.282325
1.282325
1.282567
1.282567
1.282939
1.284226
1.284226
1.284839
1.284839
1.284901
1.284901
1.286903
1.286903
1.287351
1.287351
1.287355
1.287355
1.287357
1.287357
1.287822
1.287822
1.287895
1.287963
1.287963
1.288251
1.288251
1.288490
1.288490
1.288965
1.288965
1.289129
1.289225
1.289225
1.289609
1.289692
1.289692
1.290226
1.290226
1.290343
1.290343
1.290983
1.290983
1.291109
1.291109
1.291251
1.291251
1.291827
1.291827
1.291884
1.291884
1.292253
1.292253
1.292345
1.292345
1.292439
1.292439
1.293051
1.293051
1.293700
1.294168
1.294168
1.294221
1.294221
1.294508
1.294509
1.294624
1.294624
1.295031
1.295805
1.295805
1.295911
1.295911
1.296097
1.296097
1.296427
1.296427
1.296450
1.296450
1.296539
1.296539
1.296984
1.296984
1.297590
1.297590
1.297634
1.297634
1.298063
1.298634
1.298634
1.298810
1.298810
1.298910
1.299356
1.299356
1.299682
1.299682
1.299893
1.299893
1.300427
1.300492
1.300492
1.300656
1.300656
1.301076
1.301076
1.301131
1.301131
1.301243
1.301243
1.302097
1.302097
1.303163
1.303163
1.303212
1.303212
1.303362
1.303389
1.303389
1.303477
1.303477
1.303538
1.303538
1.303704
1.303704
1.303847
1.303847
1.304566
1.304566
1.304832
1.304832
1.304860
1.304860
1.305035
1.305230
1.305230
1.305749
1.305749
1.305799
1.305799
1.305823
1.305823
1.306561
1.306561
1.306614
1.306681
1.306681
1.306829
1.307131
1.307131
1.307998
1.307998
1.308102
1.308102
1.308437
1.308440
1.308440
1.308752
1.308752
1.308843
1.308843
1.309053
1.309830
1.309830
1.310058
1.310058
1.310273
1.310273
1.310548
1.310548
1.310668
1.310668
1.311436
1.311436
1.311580
1.311580
1.311637
1.311637
1.311653
1.311653
1.312096
1.312096
1.312263
1.312263
1.312541
1.312541
1.313745
1.313745
1.314076
1.314076
1.314081
1.314081
1.314414
1.314440
1.314784
1.314784
1.315248
1.315716
1.315716
1.316823
1.316823
1.317188
1.317189
1.317375
1.317376
1.318499
1.318500
1.319656
1.319656
1.320665
1.320665
1.320797
1.320797
1.320822
1.320822
1.321534
1.321534
1.322271
1.322271
1.322882
1.322882
1.323374
1.323374
1.323754
1.323754
1.323952
1.323965
1.323965
1.324025
1.324025
1.324190
1.324190
1.325315
1.325315
1.325805
1.325805
1.326360
1.326361
1.327275
1.327276
1.328545
1.328545
1.328676
1.328676
1.329986
1.329986
1.330164
1.330164
1.330481
1.330481
1.332125
1.332126
1.332714
1.334422
1.334422
1.334682
1.334682
1.336440
1.336440
1.336689
1.336689
1.337042
1.337042
1.339270
1.339270
1.339974
1.339974
1.341521
1.342350
1.342350
1.343203
1.343203
1.343622
1.343622
1.343882
1.343882
1.346712
1.346712
1.347182
1.347182
1.347628
1.347628
1.350361
1.350482
1.350482
1.350728
1.350728
1.350918
1.350918
1.351220
1.351220
1.353456
1.353456
1.354401
1.354401
1.354491
1.354491
1.355025
1.355025
1.356221
1.356221
1.356588
1.356588
1.357251
1.357251
1.357706
1.357706
1.358712
1.358713
1.359221
1.359815
1.359815
1.359898
1.359898
1.361081
1.361081
1.362466
1.362466
1.362573
1.362574
1.363117
1.363117
1.364318
1.364318
1.365044
1.365044
1.365876
1.365876
1.367122
1.367122
1.367668
1.367668
1.367682
1.367682
1.368092
1.369581
1.369582
1.370295
1.370295
1.370395
1.370395
1.372326
1.372327
1.373181
1.373181
1.373554
1.373554
1.374076
1.374076
1.376025
1.376025
1.376961
1.377044
1.377044
1.377672
1.377672
1.378335
1.378335
1.378908
1.378908
1.381766
1.381766
1.381800
1.381800
1.381831
1.381831
1.382302
1.382302
1.382797
1.382797
1.382867
1.382867
1.383527
1.383611
1.383760
1.383760
1.384735
1.384735
1.385066
1.385066
1.385422
1.385655
1.385818
1.385952
1.385952
1.386433
1.386433
1.386731
1.386731
1.387142
1.387142
1.387611
1.387611
1.388534
1.388752
1.388752
1.388777
1.390000
1.390000
1.390486
1.390486
1.390981
1.390982
1.391100
1.391100
1.391212
1.391212
1.392696
1.392735
1.393390
1.393390
1.393715
1.393715
1.394000
1.394001
1.394393
1.394393
1.394652
1.394673
1.394673
1.395349
1.395349
1.395454
1.395454
1.396242
1.396242
1.396656
1.396656
1.397172
1.397751
1.397751
1.397829
1.397951
1.397952
1.398588
1.398588
1.398934
1.398934
1.399481
1.399481
1.399887
1.399887
1.399953
1.399953
1.400168
1.400168
1.400282
1.400282
1.400394
1.400394
1.400670
1.400670
1.401240
1.401240
1.401260
1.401260
1.401611
1.401611
1.401835
1.401835
1.401994
1.401994
1.402021
1.402630
1.402630
1.402823
1.402823
1.403022
1.403022
1.403300
1.403300
1.403338
1.403338
1.403453
1.403605
1.403667
1.403667
1.404274
1.404274
1.404499
1.404499
1.404627
1.404627
1.405609
1.405609
1.405798
1.405798
1.406060
1.406060
1.406340
1.406340
1.406563
1.406563
1.406771
1.406772
1.406812
1.406812
1.406899
1.406899
1.407115
1.407458
1.407458
1.407685
1.407685
1.408192
1.408192
1.409294
1.409294
1.409860
1.409894
1.409894
1.410151
1.410151
1.410429
1.410429
1.410574
1.410574
1.411328
1.411328
1.411534
1.411534
1.411608
1.411608
1.411770
1.411771
1.411850
1.411850
1.411980
1.411980
1.412141
1.412141
1.412211
1.412385
1.413062
1.413062
1.413173
1.413173
1.413516
1.413516
1.414606
1.414606
1.414993
1.414993
1.415352
1.415352
1.415421
1.415422
1.415569
1.415569
1.415859
1.415859
1.415922
1.415922
1.416032
1.416032
1.416036
1.416036
1.416181
1.416181
1.416307
1.416401
1.416401
1.416510
1.416510
1.416628
1.416628
1.416963
1.416963
1.417069
1.417069
1.417170
1.417171
1.417236
1.417236
1.417682
1.417682
1.417908
1.418072
1.418072
1.418266
1.418266
1.418383
1.418383
1.418598
1.418598
1.418717
1.418718
1.418803
1.418803
1.419008
1.419008
1.419089
1.419089
1.419175
1.419175
1.419831
1.419831
1.419858
1.419859
1.419921
1.419921
1.420422
1.420423
1.420531
1.420531
1.420916
1.421022
1.421022
1.421454
1.421454
1.421651
1.421651
1.421868
1.421868
1.422151
1.422151
1.422271
1.422760
1.422760
1.422856
1.422856
1.422931
1.422931
1.423112
1.423112
1.423437
1.423437
1.423689
1.423689
1.423768
1.423768
1.423874
1.423874
1.424194
1.424194
1.424207
1.424474
1.424474
1.424651
1.424651
1.424815
1.424815
1.424907
1.424907
1.425169
1.425169
1.425657
1.425657
1.426062
1.426062
1.426116
1.426116
1.426641
1.426641
1.426734
1.426734
1.427383
1.427383
1.427650
1.427650
1.427653
1.427653
1.427672
1.427698
1.427698
1.427717
1.427717
1.428218
1.428218
1.428719
1.428719
1.428885
1.428885
1.429080
1.429080
1.429559
1.429840
1.429840
1.429899
1.429899
1.430040
1.430041
1.430447
1.430447
1.430540
1.430540
1.430825
1.430825
1.431069
1.431069
1.431246
1.431664
1.431664
1.432132
1.432132
1.432243
1.432243
1.432843
1.432843
1.432876
1.433088
1.433088
1.433165
1.433165
1.434009
1.434009
1.434146
1.434146
1.434252
1.434252
1.434296
1.434296
1.435042
1.435042
1.435298
1.435298
1.435357
1.435357
1.435721
1.435721
1.435808
1.435808
1.436200
1.436200
1.436296
1.436296
1.436504
1.436504
1.437729
1.437729
1.437824
1.437824
1.437954
1.438010
1.438010
1.438131
1.438566
1.438986
1.438986
1.439173
1.439173
1.439344
1.439344
1.439930
1.439930
1.439988
1.439988
1.440197
1.440197
1.440665
1.440665
1.440887
1.440887
1.441266
1.441266
1.441467
1.441468
1.442027
1.442027
1.442077
1.442077
1.442387
1.442387
1.442828
1.442828
1.442883
1.442883
1.442914
1.443225
1.443225
1.443714
1.443714
1.444018
1.444018
1.444392
1.444392
1.444561
1.444561
1.445583
1.445583
1.445784
1.445784
1.445887
1.445887
1.445991
1.446623
1.446868
1.446868
1.447040
1.447040
1.447234
1.447235
1.447328
1.447328
1.447683
1.447683
1.447788
1.448082
1.448082
1.448124
1.448124
1.448332
1.448332
1.448652
1.448652
1.448815
1.448816
1.449470
1.449470
1.449813
1.449813
1.449901
1.449901
1.450018
1.450018
1.450069
1.450069
1.451241
1.451241
1.452130
1.452130
1.452191
1.452191
1.452215
1.452322
1.452322
1.452555
1.452555
1.452726
1.452726
1.453131
1.453131
1.453496
1.453496
1.453582
1.453582
1.453591
1.453591
1.453815
1.453944
1.453944
1.454512
1.454512
1.454610
1.454610
1.454969
1.454969
1.455027
1.455560
1.455560
1.455621
1.455621
1.456228
1.456228
1.456453
1.456454
1.456718
1.456718
1.456721
1.456721
1.456803
1.456870
1.456870
1.457253
1.457253
1.457342
1.457342
1.457451
1.457451
1.457629
1.457629
1.457803
1.457803
1.457814
1.457814
1.458176
1.458176
1.458447
1.458447
1.458658
1.458658
1.458801
1.458801
1.459024
1.459024
1.459413
1.459413
1.459683
1.459683
1.459958
1.459958
1.460204
1.460204
1.460317
1.460317
1.460437
1.460437
1.460448
1.460448
1.460841
1.460842
1.461085
1.461085
1.461159
1.461171
1.461171
1.461175
1.461176
1.461374
1.461401
1.461401
1.461435
1.461435
1.461453
1.461453
1.461621
1.461621
1.461733
1.461733
1.462041
1.462041
1.462376
1.462376
1.462784
1.462784
1.463247
1.463247
1.463335
1.463393
1.463393
1.463555
1.463555
1.463916
1.463916
1.464331
1.464331
1.464553
1.464553
1.464698
1.464698
1.465333
1.465333
1.465334
1.465371
1.465371
1.465508
1.465508
1.465829
1.465829
1.466253
1.466253
1.466684
1.466684
1.466786
1.466786
1.466969
1.467107
1.467107
1.467133
1.467133
1.467439
1.467439
1.467518
1.467764
1.467764
1.468072
1.468072
1.468481
1.468675
1.468675
1.468694
1.468694
1.468850
1.469356
1.469581
1.469581
1.469966
1.470708
1.470708
1.470735
1.470735
1.470865
1.470865
1.471004
1.471004
1.471463
1.471538
1.472082
1.472082
1.472291
1.472291
1.472326
1.472326
1.472484
1.472484
1.472808
1.472808
1.473089
1.473575
1.473909
1.473909
1.474221
1.474221
1.474296
1.474296
1.475024
1.475024
1.475627
1.475627
1.475689
1.475942
1.475943
1.476700
1.476862
1.476862
1.477019
1.477019
1.477121
1.477434
1.477434
1.478448
1.478448
1.478638
1.478638
1.478694
1.478730
1.478730
1.478815
1.478815
1.478938
1.478938
1.479048
1.479048
1.479630
1.479631
1.479631
1.479900
1.479900
1.480111
1.480429
1.480429
1.481908
1.481955
1.481955
1.482142
1.482142
1.482566
1.482566
1.482828
1.482828
1.482991
1.482991
1.483116
1.483116
1.483299
1.483494
1.483494
1.484232
1.484478
1.484478
1.484940
1.484940
1.484987
1.484987
1.485229
1.485229
1.485484
1.485484
1.485838
1.486154
1.486154
1.486317
1.486558
1.486558
1.486559
1.486559
1.487185
1.487185
1.487603
1.487845
1.487845
1.487944
1.487944
1.488161
1.488161
1.488469
1.488469
1.488882
1.488882
1.488907
1.489117
1.489392
1.489392
1.489401
1.489401
1.490114
1.490114
1.490150
1.490150
1.491126
1.491126
1.491255
1.491255
1.491457
1.491457
1.491458
1.491458
1.491548
1.491548
1.491601
1.491601
1.491608
1.491608
1.491665
1.491665
1.491674
1.491868
1.491868
1.491902
1.491902
1.492249
1.492249
1.492477
1.492477
1.492693
1.492708
1.492708
1.492713
1.492713
1.492836
1.492836
1.492967
1.492967
1.493122
1.493283
1.493283
1.493530
1.493530
1.493862
1.493862
1.493872
1.493872
1.494072
1.494131
1.494131
1.494248
1.494248
1.494263
1.494263
1.494541
1.494541
1.494637
1.494637
1.495066
1.495066
1.495143
1.495143
1.495201
1.495201
1.495275
1.495275
1.495450
1.495528
1.495528
1.495539
1.495539
1.495564
1.495564
1.496191
1.496325
1.496325
1.496404
1.496404
1.496447
1.496447
1.496718
1.496718
1.496791
1.496791
1.496891
1.496891
1.496940
1.496940
1.497189
1.497189
1.497451
1.497451
1.497578
1.497578
1.497676
1.497909
1.497909
1.498111
1.498111
1.498123
1.498333
1.498333
1.498456
1.498456
1.498980
1.498980
1.499015
1.499015
1.499414
1.499414
1.499520
1.499520
1.499802
1.499802
1.499834
1.499859
1.499859
1.499933
1.499933
1.499939
1.499939
1.500128
1.500194
1.500194
1.500224
1.500224
1.500243
1.500243
1.500398
1.500398
1.500398
1.500398
1.501301
1.501335
1.501335
1.501633
1.501633
1.501743
1.501743
1.501985
1.501985
1.502419
1.502419
1.502562
1.502676
1.502733
1.502733
1.502798
1.502798
1.503164
1.503537
1.503537
1.503595
1.503820
1.503820
1.503943
1.503943
1.504389
1.504963
1.505305
1.506391
1.506391
1.506605
1.506605
1.506641
1.507169
1.507169
1.507348
1.507348
1.507562
1.507562
1.508182
1.508182
1.508935
1.509187
1.509187
1.509561
1.509561
1.509594
1.509594
1.509706
1.509706
1.510739
1.510768
1.510768
1.512236
1.513015
1.513015
1.513199
1.513199
1.513460
1.513460
1.513470
1.513470
1.513547
1.513547
1.514325
1.514325
1.515804
1.515804
1.516374
1.516473
1.516473
1.517860
1.517969
1.517969
1.518067
1.518067
1.518170
1.518353
1.518353
1.518480
1.518480
1.518854
1.518854
1.519188
1.519188
1.521604
1.521604
1.521748
1.521748
1.523149
1.523149
1.523205
1.523205
1.523681
1.523826
1.523826
1.523960
1.523960
1.524008
1.524556
1.524556
1.525345
1.525345
1.525409
1.525409
1.525451
1.527316
1.527316
1.528908
1.528908
1.528947
1.528947
1.529012
1.529012
1.529718
1.529778
1.529778
1.530039
1.530039
1.530209
1.530209
1.531637
1.531672
1.531672
1.532575
1.532770
1.532770
1.532940
1.532940
1.533933
1.533933
1.535446
1.535446
1.535476
1.535476
1.535973
1.536107
1.536107
1.536230
1.536230
1.536360
1.536360
1.538185
1.538185
1.538313
1.538313
1.538909
1.538910
1.539201
1.539540
1.540128
1.540129
1.540757
1.540757
1.542369
1.542369
1.542447
1.542600
1.542600
1.542830
1.542830
1.542898
1.542898
1.543059
1.543059
1.543653
1.543653
1.544920
1.544920
1.546338
1.546636
1.546636
1.546653
1.547204
1.547204
1.547463
1.547463
1.548056
1.548056
1.548920
1.548920
1.549150
1.549407
1.549407
1.549511
1.549511
1.549701
1.549701
1.551056
1.551056
1.551427
1.551427
1.551843
1.551843
1.552968
1.553832
1.553832
1.553956
1.554707
1.554707
1.554755
1.554755
1.555112
1.555112
1.555223
1.555223
1.556059
1.556059
1.556072
1.556072
1.556084
1.556768
1.556768
1.558147
1.558147
1.558374
1.558374
1.558836
1.558836
1.559423
1.560199
1.560199
1.561121
1.561167
1.561167
1.561484
1.561484
1.561527
1.561527
1.561984
1.561984
1.562199
1.562199
1.562755
1.562755
1.563205
1.563890
1.563890
1.564048
1.564048
1.564280
1.564280
1.565548
1.565548
1.565702
1.565827
1.565827
1.566388
1.566388
1.566875
1.566875
1.567813
1.567813
1.568076
1.568076
1.568101
1.568101
1.568210
1.568942
1.568942
1.569133
1.569133
1.569348
1.569348
1.569464
1.569464
1.570079
1.570079
1.570414
1.570529
1.570529
1.570649
1.570649
1.571291
1.571291
1.571318
1.571318
1.571369
1.571369
1.571800
1.572778
1.572778
1.572948
1.572948
1.573428
1.573428
1.573481
1.573481
1.573596
1.573596
1.573700
1.573700
1.573815
1.573815
1.573911
1.573911
1.574030
1.574030
1.574052
1.574052
1.574355
1.574355
1.574521
1.574521
1.574909
1.574909
1.575077
1.575078
1.575274
1.575552
1.575552
1.575686
1.575686
1.576161
1.576161
1.576182
1.576182
1.576260
1.576260
1.576305
1.576305
1.576931
1.576931
1.577004
1.577004
1.577593
1.577593
1.577622
1.577714
1.577754
1.577754
1.578281
1.578281
1.578452
1.578452
1.578481
1.578481
1.578958
1.578958
1.579159
1.579159
1.579398
1.579398
1.579453
1.579453
1.579595
1.579596
1.579775
1.579775
1.580197
1.580197
1.580300
1.580300
1.580341
1.580341
1.580855
1.580855
1.580904
1.580904
1.581624
1.581624
1.581963
1.581963
1.582331
1.582820
1.582820
1.583113
1.583113
1.583390
1.583390
1.583442
1.584725
1.584725
1.584771
1.584912
1.584912
1.585293
1.585293
1.585494
1.585494
1.587044
1.587044
1.587077
1.587077
1.588470
1.588470
1.588982
1.589375
1.589418
1.589418
1.589908
1.589908
1.590378
1.590378
1.590599
1.590599
1.591823
1.592389
1.592389
1.592896
1.592897
1.593309
1.593309
1.594013
1.594013
1.594332
1.595593
1.595593
1.595732
1.595732
1.595933
1.595933
1.596385
1.596548
1.596548
1.598749
1.598885
1.598886
1.599107
1.599107
1.599212
1.599212
1.599489
1.600412
1.600412
1.600588
1.600588
1.601150
1.601150
1.602344
1.602344
1.603014
1.603014
1.603334
1.604454
1.604830
1.604830
1.605162
1.605162
1.605364
1.605364
1.605524
1.605568
1.605568
1.605626
1.605626
1.607897
1.607897
1.608627
1.608627
1.609224
1.609287
1.609288
1.609664
1.609664
1.609815
1.609815
1.610189
1.610923
1.610923
1.611827
1.611828
1.611924
1.611924
1.612123
1.613772
1.613772
1.613800
1.614114
1.614114
1.614675
1.614675
1.614760
1.614760
1.615349
1.615350
1.616908
1.617035
1.617035
1.617865
1.617865
1.617928
1.617928
1.617942
1.617942
1.617981
1.617981
1.618182
1.618520
1.620717
1.620717
1.621180
1.621180
1.621273
1.621273
1.621411
1.621411
1.621795
1.621795
1.622368
1.623077
1.623077
1.623449
1.623784
1.623784
1.623833
1.623833
1.624685
1.624866
1.624866
1.625122
1.625122
1.626361
1.626469
1.626469
1.626760
1.626760
1.627652
1.627652
1.627945
1.627945
1.628338
1.628338
1.628981
1.628981
1.629317
1.629317
1.629517
1.629518
1.629758
1.630160
1.630586
1.630774
1.630774
1.631056
1.631056
1.631985
1.631985
1.632070
1.632070
1.633183
1.633183
1.633441
1.633441
1.633673
1.633673
1.633767
1.634567
1.634567
1.634692
1.634692
1.634962
1.634962
1.635293
1.635293
1.635756
1.635756
1.635780
1.636187
1.637089
1.637090
1.637123
1.637123
1.637178
1.637178
1.637183
1.637237
1.637237
1.637264
1.637264
1.637390
1.637390
1.637527
1.637527
1.637714
1.637714
1.637773
1.637773
1.637991
1.637991
1.638008
1.638008
1.638289
1.638289
1.638472
1.638472
1.638811
1.638811
1.638962
1.638962
1.639317
1.639317
1.639370
1.639370
1.639521
1.639521
1.639637
1.639637
1.639803
1.639803
1.640140
1.640140
1.640148
1.640149
1.640157
1.640157
1.640291
1.640291
1.640337
1.640337
1.640410
1.640709
1.640709
1.640766
1.640766
1.640832
1.640832
1.641153
1.641153
1.641310
1.641310
1.641442
1.641455
1.641559
1.641559
1.641582
1.641582
1.641800
1.641800
1.641859
1.641859
1.641911
1.641911
1.642177
1.642177
1.642184
1.642184
1.642192
1.642192
1.642387
1.642387
1.642400
1.642400
1.642562
1.642562
1.642565
1.642565
1.642661
1.642661
1.642662
1.642662
1.643450
1.644165
1.644165
1.644957
1.644957
1.645059
1.645059
1.645329
1.645330
1.645889
1.645889
1.646181
1.646182
1.646305
1.646319
1.646700
1.646822
1.646822
1.648483
1.648483
1.648978
1.649281
1.649281
1.649675
1.649675
1.650167
1.650167
1.650215
1.650215
1.650753
1.651062
1.651062
1.651099
1.651099
1.651456
1.651471
1.652460
1.652460
1.653461
1.653461
1.653788
1.653882
1.653882
1.653977
1.653977
1.654631
1.654631
1.654695
1.654999
1.654999
1.655641
1.655856
1.655856
1.655931
1.656078
1.656078
1.657166
1.657166
1.657399
1.657399
1.657903
1.657943
1.657944
1.658089
1.658496
1.658496
1.658685
1.658685
1.659181
1.659322
1.659322
1.659705
1.660049
1.660049
1.660180
1.660180
1.660885
1.661040
1.661040
1.661331
1.661551
1.661551
1.661571
1.661571
1.662009
1.662175
1.662175
1.662301
1.662301
1.662511
1.662516
1.662516
1.662580
1.662643
1.662783
1.662839
1.663048
1.663076
1.663250
1.663559
1.663764
1.663978
1.663978
1.664069
1.664164
1.664175
1.664205
1.664205
1.664339
1.664339
1.664555
1.664555
1.664564
1.664621
1.664621
1.664635
1.664773
1.664773
1.664862
1.665321
1.665362
1.665395
1.665450
1.665458
1.665459
1.665910
1.666116
1.666153
1.666153
1.666381
1.666381
1.666629
1.666645
1.666645
1.666684
1.667209
1.667209
1.667244
1.667253
1.667253
1.667301
1.667301
1.667369
1.667578
1.667578
1.667850
1.667987
1.667993
1.667993
1.668087
1.668087
1.668142
1.668142
1.668234
1.668234
1.668492
1.668533
1.669049
1.669091
1.669312
1.669312
1.669377
1.669377
1.669541
1.669611
1.669740
1.669740
1.669846
1.669846
1.669934
1.669934
1.670001
1.670051
1.670051
1.670058
1.670067
1.670067
1.670344
1.670344
1.670408
1.670440
1.670747
1.670760
1.671013
1.671016
1.671202
1.671203
1.671316
1.671316
1.671752
1.671752
1.671806
1.671806
1.671881
1.671881
1.672060
1.672060
1.673167
1.673167
1.673238
1.673238
1.673287
1.673287
1.673321
1.673321
1.673993
1.673993
1.674024
1.674024
1.674153
1.674153
1.674177
1.674177
1.755181
1.755181
1.764524
1.764524
1.764525
1.764525
1.777663
1.777663
1.777663
1.777663
1.785579
1.785579
1.785579
1.785579
1.788062
1.788062
1.832933
1.832951
1.833866
1.833943
1.835381
1.835569
1.837424
1.837781
1.839940
1.840516
1.842879
1.843681
1.846208
1.847167
1.849914
1.850860
1.853987
1.854670
1.855237
1.855237
1.855248
1.855248
1.855946
1.855946
1.855984
1.855984
1.857117
1.857117
1.857181
1.857181
1.858393
1.858549
1.858737
1.858737
1.858798
1.858798
1.860783
1.860783
1.860788
1.860788
1.862478
1.863056
1.863085
1.863085
1.863245
1.863245
1.865657
1.865657
1.866070
1.866070
1.866464
1.867842
1.868469
1.868469
1.869200
1.869200
1.870559
1.871510
1.871510
1.872511
1.872539
1.872539
1.874802
1.874802
1.874919
1.875962
1.875962
1.876818
1.878393
1.878393
1.879375
1.879375
1.879712
1.880804
1.882294
1.882294
1.882756
1.882756
1.884613
1.884808
1.886122
1.886122
1.886437
1.886437
1.888331
1.889502
1.889502
1.889898
1.890674
1.890674
1.892097
1.892971
1.892971
1.894374
1.894722
1.894722
1.894901
1.894901
1.894909
1.894909
1.895336
1.895336
1.895366
1.895366
1.896050
1.896050
1.896122
1.896122
1.896409
1.896735
1.896735
1.897030
1.897030
1.897167
1.897167
1.897995
1.898262
1.898262
1.898328
1.898328
1.898484
1.898484
1.899734
1.899734
1.900046
1.900046
1.900974
1.900974
1.901277
1.901415
1.901437
1.901437
1.901632
1.901632
1.901817
1.901817
1.903370
1.903370
1.903754
1.903754
1.904419
1.904798
1.904798
1.905452
1.905452
1.905533
1.905533
1.905818
1.905818
1.906285
1.907728
1.907919
1.907919
1.907924
1.907924
1.907979
1.907979
1.909705
1.909705
1.909713
1.910223
1.910223
1.910500
1.910500
1.911286
1.911286
1.912290
1.912443
1.912552
1.912552
1.913068
1.913068
1.913216
1.913216
1.914988
1.914988
1.914988
1.915443
1.915443
1.915928
1.915928
1.915962
1.915962
1.916800
1.917595
1.917595
1.917897
1.918618
1.918618
1.918622
1.918622
1.919274
1.919841
1.919841
1.920447
1.920447
1.921152
1.921152
1.921321
1.921327
1.921327
1.922478
1.923171
1.923171
1.923351
1.923525
1.923525
1.923612
1.923612
1.924730
1.924992
1.924992
1.925569
1.925569
1.926045
1.926045
1.926258
1.926702
1.926702
1.927368
1.927495
1.927495
1.927495
1.927495
1.927765
1.927765
1.927779
1.927779
1.927780
1.927780
1.927940
1.928248
1.928248
1.928251
1.928251
1.928505
1.928505
1.928693
1.928891
1.928891
1.928907
1.928907
1.929151
1.929151
1.929685
1.929697
1.929697
1.929741
1.929741
1.929758
1.929758
1.930081
1.930081
1.930454
1.930653
1.930653
1.930746
1.930746
1.931085
1.931144
1.931144
1.931489
1.931489
1.931521
1.931748
1.931748
1.931792
1.931912
1.931912
1.932418
1.932418
1.932659
1.932969
1.932969
1.933224
1.933224
1.933271
1.933271
1.934003
1.934003
1.934183
1.934183
1.934308
1.934308
1.934660
1.934660
1.934786
1.934786
1.934973
1.934973
1.935762
1.935762
1.936194
1.936194
1.936236
1.936236
1.937037
1.937038
1.937333
1.937333
1.937385
1.937447
1.937447
1.937569
1.937569
1.937793
1.937793
1.938401
1.938401
1.938888
1.938888
1.939026
1.939026
1.939253
1.939253
1.939431
1.939431
1.939693
1.939693
1.940542
1.940542
1.940557
1.940557
1.940839
1.940839
1.940883
1.940883
1.941092
1.941092
1.941115
1.941115
1.941229
1.941229
1.941497
1.941497
1.941641
1.941641
1.941781
1.941781
1.941995
1.942026
1.942026
1.942161
1.942161
1.942399
1.942399
1.942693
1.942694
1.942758
1.942758
1.942772
1.942772
1.942916
1.942916
1.942934
1.942934
1.943491
1.943492
1.944410
1.944410
1.944470
1.944470
1.944649
1.944649
1.944754
1.944754
1.944956
1.944956
1.945439
1.945439
1.946194
1.946194
1.946461
1.946567
1.946567
1.946782
1.946782
1.946865
1.946865
1.947085
1.947085
1.947782
1.947782
1.947809
1.947809
1.947963
1.947963
1.948771
1.948771
1.948798
1.948798
1.949072
1.949072
1.949824
1.949824
1.950112
1.950112
1.950425
1.950425
1.950648
1.950648
1.950771
1.951152
1.951152
1.951490
1.951490
1.951800
1.951800
1.951824
1.951824
1.951831
1.951831
1.952416
1.952416
1.953278
1.953278
1.953359
1.953359
1.953935
1.953935
1.954117
1.954117
1.954418
1.954418
1.954756
1.954756
1.954921
1.955053
1.955053
1.955086
1.955086
1.955780
1.955780
1.956009
1.956009
1.956086
1.956086
1.956255
1.956255
1.957272
1.957273
1.957428
1.957428
1.957766
1.957767
1.957891
1.957891
1.958189
1.958189
1.958496
1.958496
1.958879
1.958879
1.958903
1.959108
1.959108
1.959282
1.959282
1.959385
1.959385
1.960092
1.960092
1.960332
1.960332
1.960795
1.960795
1.960943
1.960943
1.960975
1.960975
1.961301
1.961301
1.961741
1.961741
1.961846
1.961846
1.962298
1.962298
1.962461
1.962461
1.962523
1.962523
1.962716
1.962941
1.962942
1.962969
1.962969
1.963261
1.963261
1.963334
1.963335
1.963606
1.963606
1.963775
1.963775
1.963786
1.963786
1.964170
1.964170
1.964719
1.964719
1.965031
1.965031
1.965253
1.965253
1.966013
1.966013
1.966144
1.966144
1.966356
1.966695
1.966695
1.966982
1.966982
1.967073
1.967073
1.967612
1.967612
1.968107
1.968108
1.968557
1.968557
1.969347
1.969347
1.969363
1.969363
1.969488
1.969488
1.969821
1.969866
1.969866
1.969883
1.969883
1.970834
1.970834
1.971086
1.971086
1.971262
1.971262
1.972143
1.972143
1.972256
1.972256
1.972521
1.972521
1.972582
1.972582
1.973036
1.973036
1.973111
1.973413
1.973413
1.973472
1.973472
1.974275
1.974275
1.974643
1.974643
1.975104
1.975104
1.975164
1.975164
1.975283
1.975283
1.975534
1.975534
1.975831
1.975832
1.976220
1.976220
1.976225
1.976789
1.976789
1.976978
1.976978
1.977146
1.977146
1.977624
1.977624
1.977836
1.977836
1.978083
1.978083
1.978386
1.978386
1.978586
1.978586
1.978596
1.978596
1.979145
1.979145
1.979164
1.979290
1.979290
1.979862
1.979862
1.979959
1.979959
1.980165
1.980165
1.980234
1.980234
1.980441
1.980441
1.980939
1.980939
1.981075
1.981075
1.981142
1.981142
1.981349
1.981349
1.981720
1.981720
1.981763
1.981763
1.981928
1.982022
1.982022
1.982078
1.982078
1.982169
1.982169
1.982246
1.982246
1.982412
1.982412
1.982510
1.982510
1.982972
1.982973
1.983223
1.983223
1.983604
1.983604
1.983826
1.983826
1.984253
1.984253
1.984519
1.984604
1.984604
1.984640
1.984640
1.985414
1.985414
1.985906
1.985906
1.985972
1.985972
1.986149
1.986149
1.986210
1.986210
1.986847
1.986847
1.986938
1.987130
1.987130
1.987507
1.987507
1.988041
1.988041
1.988131
1.988131
1.988181
1.988181
1.988276
1.988276
1.988720
1.988720
1.989189
1.989273
1.989274
1.989345
1.989345
1.989748
1.989748
1.989793
1.989793
1.990234
1.990234
1.990279
1.990279
1.990339
1.990339
1.990732
1.990733
1.991154
1.991154
1.991259
1.991259
1.991273
1.991332
1.991332
1.991543
1.991544
1.991902
1.991902
1.992109
1.992109
1.992133
1.992133
1.992230
1.992231
1.992529
1.992529
1.992795
1.992795
1.992797
1.992797
1.992890
1.992890
1.993037
1.993037
1.993193
1.993247
1.993247
1.993429
1.993429
1.993582
1.993582
1.993605
1.993605
1.993707
1.993708
1.993805
1.993805
1.993874
1.993874
1.993880
1.993880
1.993916
1.993916
1.994139
1.994139
1.994258
1.994258
1.994851
1.994851
1.994951
1.995368
1.995368
1.995387
1.995387
1.995477
1.995477
1.995869
1.995869
1.996300
1.996300
1.996485
1.996485
1.996549
1.996685
1.996685
1.996927
1.996927
1.997024
1.997024
1.997323
1.997323
1.997491
1.997491
1.997584
1.997584
1.997809
1.997809
1.997979
1.998003
1.998003
1.998167
1.998167
1.998224
1.998224
1.998305
1.998305
1.998390
1.998390
1.998419
1.998419
1.998512
1.998512
1.998586
1.998586
1.998643
1.998643
1.998686
1.998686
1.998708
1.998708
1.998712
1.998712
1.998713
1.998713
1.998720
1.998720
1.998724
1.998724
1.998734
1.998734
1.998736
1.998736
1.998746
1.998746
1.998748
1.998748
1.998757
1.998757
1.998757
1.998757
1.998764
1.998764
1.998764
1.998764
1.998785
1.998839
1.998914
1.999048
1.999094
1.999094
1.999125
1.999135
1.999135
1.999178
1.999178
1.999222
1.999222
1.999273
1.999273
1.999307
1.999383
1.999406
1.999406
1.999470
1.999470
1.999573
1.999573
1.999607
1.999607
1.999647
1.999653
1.999653
1.999677
1.999677
1.999736
1.999736
1.999786
1.999786
1.999822
1.999822
1.999822
1.999900
1.999900
1.999941
1.999941
2.000081
2.000081
2.000103
2.000104
2.000142
2.000203
2.000203
2.000224
2.000224
2.000281
2.000398
2.000398
2.000452
2.000452
2.000519
2.000519
2.000575
2.000575
2.000611
2.000650
2.000650
2.000725
2.000733
2.000733
2.000933
2.000933
2.000973
2.000973
2.001024
2.001024
2.001100
2.001100
2.001137
2.001250
2.001251
2.001304
2.001328
2.001328
2.001481
2.001481
2.001503
2.001503
2.001586
2.001586
2.001587
2.001587
2.001701
2.001795
2.001845
2.001845
2.001896
2.001896
2.001919
2.001919
2.002060
2.002060
2.002111
2.002111
2.002155
2.002155
2.002260
2.002368
2.002368
2.002379
2.002382
2.002382
2.002437
2.002437
2.002510
2.002510
2.002585
2.002585
2.002591
2.002591
2.002761
2.002761
2.002773
2.002773
2.002795
2.002906
2.002906
2.002914
2.002915
2.002922
2.002934
2.002934
2.002995
2.002995
2.003012
2.003012
2.003016
2.003016
2.003077
2.003077
2.003078
2.003078
2.003376
2.003376
2.003402
2.003404
2.003473
2.003473
2.003837
2.003837
2.003877
2.003886
2.003886
2.003964
2.004263
2.004263
2.004270
2.004270
2.004361
2.004442
2.004613
2.004613
2.004646
2.004646
2.004831
2.004864
2.004929
2.004929
2.004961
2.004961
2.005200
2.005200
2.005221
2.005221
2.005245
2.005251
2.005415
2.005415
2.005426
2.005426
2.005571
2.005571
2.005575
2.005575
2.005585
2.005607
2.005665
2.005665
2.005666
2.005666
2.005877
2.005898
2.006111
2.006124
2.006282
2.006288
2.006386
2.006387
