0.298970
0.298970
0.298997
0.298999
0.299039
0.299045
0.299075
0.299075
0.299076
0.299076
0.299096
0.299100
0.299100
0.299102
0.299103
0.299103
0.299140
0.299140
0.299144
0.299144
0.299163
0.299170
0.299194
0.299194
0.299197
0.299197
0.299227
0.299244
0.299250
0.299250
0.299264
0.299264
0.299301
0.299312
0.299318
0.299318
0.299324
0.299324
0.299356
0.299369
0.299375
0.299375
0.299394
0.299394
0.299401
0.299416
0.299429
0.299435
0.299435
0.299435
0.299435
0.299436
0.299436
0.299443
0.299443
0.299453
0.299453
0.299454
0.299454
0.299470
0.299470
0.299478
0.299478
0.299482
0.299482
0.299483
0.299483
0.299491
0.299491
0.299494
0.299517
0.299517
0.299524
0.299524
0.299558
0.299558
0.299566
0.299566
0.299602
0.299602
0.299606
0.299606
0.299611
0.299611
0.299640
0.299640
0.299647
0.299647
0.299669
0.299669
0.299679
0.299679
0.299688
0.299688
0.299700
0.299728
0.299728
0.299813
0.299813
0.299855
0.299855
0.299965
0.300022
0.300022
0.300075
0.300075
0.300088
0.300088
0.300088
0.300088
0.300090
0.300090
0.300090
0.300090
0.300093
0.300093
0.300094
0.300094
0.300096
0.300096
0.300096
0.300096
0.300103
0.300103
0.300116
0.300116
0.300136
0.300136
0.300164
0.300164
0.300204
0.300204
0.300231
0.300231
0.300255
0.300255
0.300290
0.300322
0.300322
0.300394
0.300394
0.300406
0.300406
0.300484
0.300484
0.300511
0.300511
0.300637
0.300637
0.300681
0.300775
0.300775
0.300785
0.300785
0.300789
0.300789
0.300875
0.300875
0.300888
0.300888
0.300909
0.300909
0.300938
0.300938
0.300969
0.300969
0.300976
0.300976
0.301023
0.301023
0.301079
0.301079
0.301137
0.301137
0.301142
0.301144
0.301144
0.301177
0.301177
0.301218
0.301218
0.301221
0.301221
0.301302
0.301302
0.301396
0.301396
0.301417
0.301417
0.301500
0.301500
0.301542
0.301542
0.301616
0.301616
0.301678
0.301687
0.301687
0.301738
0.301738
0.301743
0.301743
0.301881
0.301881
0.301987
0.301987
0.302000
0.302001
0.302033
0.302033
0.302197
0.302197
0.302242
0.302242
0.302273
0.302273
0.302292
0.302314
0.302314
0.302327
0.302327
0.302332
0.302332
0.302373
0.302373
0.302416
0.302416
0.302507
0.302507
0.302512
0.302512
0.302563
0.302563
0.302634
0.302634
0.302665
0.302665
0.302764
0.302764
0.302790
0.302790
0.302921
0.302921
0.302976
0.302976
0.302988
0.302990
0.302990
0.303069
0.303069
0.303074
0.303074
0.303115
0.303115
0.303196
0.303196
0.303326
0.303326
0.303423
0.303423
0.303425
0.303425
0.303576
0.303576
0.303652
0.303652
0.303681
0.303681
0.303723
0.303723
0.303727
0.303727
0.303769
0.303877
0.303877
0.303911
0.303911
0.303988
0.303988
0.304094
0.304094
0.304258
0.304258
0.304280
0.304280
0.304286
0.304286
0.304296
0.304296
0.304319
0.304319
0.304347
0.304347
0.304461
0.304461
0.304475
0.304475
0.304536
0.304536
0.304543
0.304543
0.304594
0.304594
0.304623
0.304623
0.304633
0.304643
0.304643
0.304735
0.304735
0.304789
0.304789
0.304804
0.304804
0.304849
0.304849
0.304938
0.304938
0.304963
0.304963
0.305084
0.305084
0.305174
0.305174
0.305255
0.305255
0.305263
0.305263
0.305412
0.305412
0.305492
0.305492
0.305528
0.305528
0.305581
0.305582
0.305582
0.305688
0.305688
0.305780
0.305780
0.305782
0.305782
0.305962
0.305962
0.306011
0.306011
0.306024
0.306024
0.306205
0.306205
0.306208
0.306208
0.306219
0.306219
0.306341
0.306341
0.306353
0.306353
0.306361
0.306361
0.306446
0.306446
0.306448
0.306448
0.306508
0.306508
0.306537
0.306537
0.306606
0.306629
0.306629
0.306641
0.306641
0.306794
0.306794
0.306996
0.306996
0.307085
0.307085
0.307148
0.307148
0.307293
0.307293
0.307325
0.307325
0.307561
0.307561
0.307626
0.307670
0.307670
0.307670
0.307743
0.307743
0.307759
0.307921
0.307999
0.307999
0.308083
0.308083
0.308192
0.308269
0.308269
0.308410
0.308410
0.308488
0.308493
0.308493
0.308631
0.308631
0.308749
0.308749
0.308877
0.308918
0.309046
0.309046
0.309150
0.309150
0.309194
0.309194
0.309341
0.309341
0.309430
0.309599
0.309599
0.309601
0.309601
0.309728
0.309728
0.309841
0.309948
0.309948
0.309965
0.309965
0.310101
0.310101
0.310218
0.310218
0.310220
0.310231
0.310231
0.310389
0.310390
0.310394
0.310394
0.310531
0.310639
0.310639
0.310806
0.310806
0.311252
0.311373
0.311533
0.311533
0.311608
0.311608
0.312064
0.312294
0.312294
0.312486
0.312514
0.312514
0.313033
0.313082
0.313082
0.313322
0.313322
0.313471
0.313855
0.313855
0.314033
0.314033
0.314166
0.314415
0.314541
0.314541
0.314640
0.314640
0.315074
0.315074
0.315114
0.315114
0.315314
0.315357
0.315411
0.315411
0.315420
0.315420
0.316286
0.316370
0.317157
0.317271
0.317893
0.317970
0.318394
0.318417
0.331399
0.331399
0.332237
0.332237
0.332237
0.332237
0.335147
0.335147
0.335147
0.335147
0.338574
0.338574
0.338574
0.338574
0.340087
0.340087
0.341664
0.341690
0.341781
0.341782
0.342235
0.342241
0.342316
0.342428
0.342981
0.343004
0.343349
0.343632
0.344007
0.344067
0.344198
0.344198
0.344235
0.344235
0.344658
0.344658
0.344694
0.344798
0.344798
0.345257
0.345294
0.345390
0.345390
0.345422
0.345669
0.345669
0.346269
0.346342
0.346342
0.346745
0.346745
0.346826
0.347053
0.347128
0.347128
0.347130
0.347130
0.347251
0.347343
0.347343
0.347692
0.347692
0.347942
0.347942
0.348002
0.348058
0.348058
0.348358
0.348358
0.348588
0.348742
0.348742
0.348923
0.349404
0.349404
0.349436
0.349436
0.349562
0.349690
0.349690
0.349833
0.350178
0.350178
0.350582
0.350969
0.350976
0.350976
0.351159
0.351159
0.351364
0.351364
0.351635
0.351635
0.351677
0.351677
0.351706
0.351996
0.351996
0.352071
0.352071
0.352160
0.352228
0.352228
0.352670
0.352670
0.352789
0.352789
0.352833
0.353073
0.353073
0.353102
0.353102
0.353105
0.353335
0.353335
0.353586
0.353791
0.353791
0.354172
0.354172
0.354230
0.354230
0.354491
0.354491
0.355009
0.355089
0.355089
0.355112
0.355112
0.355268
0.355357
0.355433
0.355540
0.355540
0.355548
0.355548
0.356384
0.356384
0.356625
0.356625
0.356670
0.356670
0.356957
0.356957
0.357048
0.357048
0.357048
0.357049
0.357218
0.357289
0.357289
0.357434
0.357434
0.357446
0.357497
0.357497
0.357879
0.357879
0.358053
0.358089
0.358323
0.358323
0.358323
0.358323
0.358358
0.358358
0.358494
0.358494
0.358614
0.358614
0.358919
0.359396
0.359396
0.359472
0.359472
0.359666
0.359666
0.359693
0.359693
0.359743
0.359961
0.359961
0.359991
0.359991
0.360150
0.360150
0.360237
0.360237
0.360358
0.360358
0.360367
0.360367
0.360421
0.360421
0.360473
0.360515
0.360548
0.360548
0.360943
0.360943
0.361167
0.361167
0.361427
0.361470
0.361470
0.361630
0.361630
0.361924
0.362067
0.362067
0.362094
0.362094
0.362169
0.362169
0.362181
0.362181
0.362250
0.362251
0.362464
0.362464
0.362489
0.362529
0.362598
0.362598
0.362730
0.362730
0.362746
0.362746
0.363217
0.363394
0.363394
0.363688
0.363688
0.363835
0.363835
0.364067
0.364067
0.364101
0.364101
0.364213
0.364213
0.364311
0.364318
0.364327
0.364327
0.364349
0.364349
0.364404
0.364404
0.364785
0.364785
0.364806
0.364806
0.364972
0.365073
0.365073
0.365158
0.365158
0.365191
0.365263
0.365563
0.365563
0.365782
0.365782
0.365811
0.365811
0.365859
0.365859
0.366005
0.366035
0.366035
0.366115
0.366115
0.366213
0.366213
0.366249
0.366249
0.366301
0.366301
0.366396
0.366396
0.366423
0.366423
0.366535
0.366555
0.366643
0.366764
0.366764
0.366794
0.366794
0.366858
0.366949
0.366949
0.367011
0.367011
0.367100
0.367100
0.367183
0.367183
0.367379
0.367379
0.367676
0.367676
0.367701
0.367708
0.367708
0.367995
0.367995
0.368232
0.368232
0.368258
0.368302
0.368302
0.368641
0.368641
0.368703
0.368713
0.368713
0.368715
0.368805
0.368805
0.368969
0.368969
0.369019
0.369019
0.369118
0.369118
0.369127
0.369127
0.369333
0.369333
0.369363
0.369363
0.369449
0.369449
0.369661
0.369661
0.369728
0.369729
0.369790
0.369790
0.369818
0.369818
0.370166
0.370166
0.370418
0.370418
0.370531
0.370596
0.370596
0.370648
0.370648
0.370701
0.370701
0.370743
0.370743
0.370948
0.370948
0.371135
0.371135
0.371175
0.371175
0.371210
0.371210
0.371438
0.371438
0.371445
0.371445
0.371562
0.371562
0.371589
0.371589
0.371678
0.371678
0.372238
0.372238
0.372460
0.372460
0.372552
0.372552
0.372574
0.372574
0.372643
0.372643
0.372676
0.372755
0.372755
0.372778
0.372778
0.373248
0.373248
0.373385
0.373385
0.373540
0.373540
0.373559
0.373559
0.373863
0.373863
0.374073
0.374073
0.374141
0.374141
0.374241
0.374241
0.374453
0.374453
0.374504
0.374504
0.374866
0.374866
0.374928
0.374963
0.374963
0.375073
0.375073
0.375498
0.375498
0.375529
0.375529
0.375597
0.375597
0.376032
0.376032
0.376257
0.376257
0.376564
0.376564
0.376619
0.376619
0.376836
0.376836
0.376851
0.376877
0.376877
0.377388
0.377388
0.377560
0.377560
0.377712
0.377712
0.377885
0.377885
0.378493
0.378494
0.378619
0.378619
0.378823
0.378823
0.378950
0.378950
0.379201
0.379201
0.379426
0.379426
0.379742
0.379839
0.379839
0.379850
0.379850
0.379988
0.379988
0.379997
0.379997
0.380643
0.380643
0.380878
0.380878
0.380911
0.380911
0.381237
0.381360
0.381360
0.381495
0.381495
0.381614
0.381614
0.382071
0.382071
0.382276
0.382276
0.382377
0.382377
0.382697
0.382697
0.382701
0.382701
0.382727
0.382727
0.383438
0.383438
0.383865
0.383865
0.384038
0.384038
0.384278
0.384278
0.384399
0.384399
0.384511
0.384511
0.384576
0.384576
0.384909
0.384945
0.384945
0.385098
0.385098
0.385130
0.385131
0.385143
0.385143
0.385349
0.385349
0.385480
0.385480
0.385644
0.385644
0.385804
0.385804
0.385833
0.386800
0.386800
0.386889
0.386889
0.387252
0.387252
0.387386
0.387386
0.387661
0.387661
0.388148
0.388148
0.388282
0.388282
0.388585
0.388585
0.388988
0.388988
0.389179
0.389179
0.389378
0.389378
0.389502
0.389502
0.389653
0.389653
0.389720
0.389720
0.390222
0.390222
0.390404
0.390632
0.390632
0.390637
0.390658
0.390658
0.390846
0.390846
0.391026
0.391026
0.391119
0.391119
0.391368
0.391368
0.392571
0.392571
0.392675
0.392675
0.393879
0.393879
0.393904
0.393904
0.393926
0.393926
0.394126
0.394126
0.394142
0.394142
0.394741
0.394741
0.394772
0.394772
0.395568
0.395568
0.395647
0.395711
0.395711
0.396206
0.396283
0.396283
0.396714
0.396714
0.396934
0.396934
0.397551
0.397551
0.398209
0.398209
0.398284
0.398284
0.398539
0.398539
0.399067
0.399067
0.399620
0.399620
0.399973
0.399973
0.400083
0.400083
0.400534
0.400534
0.400587
0.400587
0.400859
0.400994
0.400994
0.401058
0.401058
0.401732
0.401732
0.402046
0.402046
0.402294
0.402849
0.402849
0.402956
0.402956
0.403614
0.403614
0.404069
0.404069
0.404197
0.404197
0.404280
0.404280
0.404633
0.404633
0.405276
0.405276
0.405366
0.405366
0.405559
0.405559
0.405893
0.405893
0.406267
0.406532
0.406532
0.406564
0.406564
0.406642
0.406642
0.407417
0.407417
0.407587
0.407587
0.407873
0.407873
0.408238
0.408238
0.408461
0.408461
0.408649
0.408665
0.408665
0.408816
0.408816
0.408857
0.408857
0.409516
0.409516
0.410512
0.410512
0.411416
0.411416
0.411764
0.411764
0.411821
0.411821
0.411864
0.412334
0.412334
0.412495
0.412495
0.412725
0.412725
0.412831
0.412831
0.413050
0.413050
0.413393
0.413393
0.413980
0.413980
0.414446
0.414446
0.415016
0.415016
0.415247
0.415315
0.415315
0.415826
0.415826
0.417112
0.417112
0.417143
0.417143
0.417563
0.417563
0.417642
0.417940
0.417940
0.418665
0.418666
0.419266
0.419267
0.419307
0.419307
0.420686
0.420686
0.421656
0.421656
0.421855
0.421855
0.422064
0.422558
0.422558
0.422591
0.422591
0.422774
0.422774
0.422943
0.422943
0.423585
0.424884
0.424884
0.425712
0.425712
0.425963
0.425963
0.426239
0.426239
0.426510
0.426510
0.427201
0.427201
0.427751
0.427751
0.428109
0.428109
0.428549
0.428549
0.428875
0.428875
0.429073
0.429680
0.430422
0.430422
0.430859
0.430859
0.431084
0.431084
0.431813
0.431813
0.432469
0.432469
0.432722
0.432722
0.432770
0.432770
0.433454
0.433454
0.433544
0.433544
0.434520
0.434521
0.434871
0.434871
0.435476
0.435476
0.435566
0.435567
0.435905
0.436092
0.436092
0.436245
0.436350
0.436350
0.436683
0.436683
0.437254
0.437254
0.438097
0.438097
0.438539
0.438539
0.439050
0.439051
0.439695
0.439695
0.439930
0.439930
0.440047
0.440047
0.440773
0.440773
0.440892
0.440892
0.441421
0.441421
0.442237
0.442515
0.442516
0.443183
0.443183
0.443546
0.444526
0.444526
0.444597
0.444597
0.444693
0.444693
0.445043
0.445043
0.446703
0.446703
0.446899
0.446899
0.448646
0.448860
0.448860
0.449121
0.449121
0.450146
0.450147
0.450897
0.450897
0.450941
0.452848
0.452848
0.452969
0.452969
0.452996
0.452996
0.453755
0.453755
0.455097
0.455658
0.455658
0.456549
0.456549
0.456879
0.456879
0.457115
0.457115
0.458390
0.458693
0.458693
0.459825
0.459825
0.460451
0.460451
0.460809
0.460809
0.461088
0.461088
0.461549
0.462764
0.462764
0.463302
0.463302
0.463648
0.463648
0.464385
0.464385
0.465341
0.465341
0.465849
0.466387
0.466387
0.466390
0.466390
0.467556
0.467556
0.467817
0.467817
0.467956
0.468537
0.468537
0.469409
0.469409
0.469475
0.469475
0.469871
0.469871
0.469974
0.469974
0.470784
0.470784
0.471153
0.471153
0.471506
0.471506
0.472448
0.472448
0.473254
0.473254
0.473273
0.474264
0.474727
0.474727
0.475090
0.475090
0.475388
0.475388
0.476398
0.476398
0.479972
0.479972
0.480414
0.480608
0.481025
0.481025
0.481128
0.481128
0.481535
0.481535
0.484424
0.484424
0.485370
0.485370
0.486342
0.486664
0.486664
0.487800
0.488086
0.488086
0.488355
0.488356
0.489415
0.489415
0.491728
0.491728
0.491866
0.491866
0.491980
0.493096
0.493096
0.494389
0.494389
0.494529
0.494529
0.494788
0.496331
0.496331
0.496680
0.496680
0.496741
0.496741
0.497260
0.498340
0.498340
0.499044
0.499044
0.499316
0.499316
0.500368
0.500368
0.501050
0.501050
0.501224
0.501225
0.501508
0.502115
0.502795
0.502795
0.503748
0.503748
0.504922
0.504922
0.505955
0.505955
0.506485
0.507894
0.508255
0.508255
0.510321
0.510918
0.510918
0.511180
0.511180
0.513151
0.513151
0.513587
0.513874
0.514699
0.514699
0.515618
0.515618
0.515726
0.515726
0.516260
0.518332
0.519377
0.519744
0.519744
0.519805
0.520684
0.523132
0.523132
0.524331
0.525826
0.525826
0.527783
0.527783
0.528666
0.528970
0.528970
0.532317
0.535224
0.537338
0.538622
0.624064
0.624273
0.624666
0.624977
0.624977
0.625301
0.625328
0.625328
0.625943
0.625943
0.626244
0.626863
0.626863
0.627566
0.628136
0.628136
0.629329
0.629810
0.629810
0.631583
0.631929
0.631929
0.632431
0.632431
0.633012
0.633012
0.633990
0.633990
0.634365
0.634527
0.634527
0.635379
0.635379
0.637194
0.637194
0.637629
0.637629
0.637697
0.639453
0.639453
0.641251
0.641251
0.641589
0.642168
0.642168
0.645351
0.645351
0.645399
0.645399
0.646041
0.649009
0.649009
0.650074
0.650074
0.651047
0.652124
0.652124
0.652822
0.652822
0.653144
0.653144
0.653986
0.653986
0.655271
0.655271
0.655618
0.655618
0.656597
0.657719
0.657719
0.657756
0.657756
0.660291
0.660291
0.660979
0.660979
0.662677
0.662842
0.662842
0.663333
0.663333
0.666843
0.666843
0.667189
0.667189
0.668395
0.668395
0.669270
0.670818
0.670818
0.673885
0.673885
0.674405
0.674405
0.675254
0.675254
0.676361
0.680141
0.680141
0.680861
0.680861
0.681053
0.681053
0.683932
0.684300
0.684300
0.685028
0.685028
0.685471
0.685471
0.686239
0.686239
0.687750
0.687750
0.687933
0.687933
0.688676
0.688676
0.690107
0.690107
0.691233
0.691233
0.691964
0.692758
0.692758
0.695057
0.695057
0.695880
0.695880
0.696737
0.696737
0.697411
0.697411
0.699467
0.699468
0.700439
0.702762
0.702762
0.703512
0.703512
0.703991
0.703991
0.705217
0.705217
0.708004
0.708004
0.709339
0.710847
0.710847
0.710952
0.710952
0.712931
0.712931
0.714096
0.714096
0.718273
0.718273
0.718278
0.718278
0.718643
0.719289
0.719289
0.723352
0.723352
0.724027
0.724027
0.725929
0.725929
0.726600
0.726600
0.727330
0.727330
0.728063
0.728063
0.728331
0.728547
0.728547
0.730158
0.730159
0.730245
0.730245
0.732423
0.732423
0.732964
0.732964
0.733889
0.733889
0.735077
0.735077
0.736647
0.736647
0.737141
0.737141
0.738190
0.738190
0.738382
0.741766
0.741766
0.742126
0.742126
0.742907
0.742907
0.743465
0.743465
0.745788
0.745788
0.746492
0.746492
0.748775
0.750212
0.750212
0.750578
0.750578
0.750621
0.750621
0.753155
0.753155
0.755101
0.755101
0.756078
0.756078
0.757949
0.757949
0.759256
0.759256
0.759485
0.760363
0.760363
0.763679
0.763679
0.765530
0.765531
0.765860
0.765860
0.765992
0.765992
0.768050
0.768050
0.770490
0.771962
0.771962
0.773270
0.773271
0.774447
0.774447
0.774767
0.774767
0.775515
0.775515
0.775790
0.775790
0.776759
0.776759
0.776915
0.776915
0.778242
0.778242
0.778495
0.778495
0.780720
0.780720
0.781106
0.781106
0.781765
0.783425
0.783425
0.784736
0.784736
0.785427
0.785427
0.785816
0.785816
0.785834
0.785834
0.786605
0.786605
0.788965
0.788965
0.790246
0.790246
0.791486
0.791486
0.793282
0.794331
0.794331
0.794635
0.794635
0.795876
0.795876
0.796579
0.796579
0.796761
0.796761
0.798372
0.798372
0.798850
0.798850
0.803280
0.803280
0.803775
0.803775
0.804396
0.804396
0.805015
0.805328
0.805328
0.805888
0.805888
0.807861
0.807861
0.809079
0.809079
0.811651
0.811651
0.811754
0.811754
0.812269
0.812269
0.814715
0.814715
0.815786
0.815786
0.816933
0.818706
0.818706
0.819091
0.819091
0.819223
0.819223
0.819361
0.819361
0.819625
0.819625
0.820172
0.820172
0.820666
0.820666
0.821522
0.821522
0.823409
0.823409
0.825106
0.825106
0.825440
0.825440
0.825671
0.825671
0.825829
0.825829
0.826857
0.826858
0.827058
0.827058
0.828778
0.828778
0.829007
0.830608
0.830608
0.830796
0.830797
0.831869
0.831869
0.832250
0.832250
0.833225
0.833225
0.833794
0.833794
0.834748
0.834748
0.835614
0.835614
0.836236
0.836236
0.837524
0.837524
0.839398
0.839398
0.839669
0.839669
0.839685
0.839685
0.839793
0.840665
0.840724
0.840724
0.841199
0.841946
0.841946
0.842008
0.842008
0.842118
0.842464
0.842464
0.843502
0.843502
0.843563
0.843563
0.844152
0.844514
0.844514
0.845698
0.845698
0.846132
0.846132
0.846506
0.846506
0.846768
0.848174
0.848174
0.849482
0.849482
0.849966
0.850516
0.850516
0.851138
0.851138
0.851320
0.851320
0.851649
0.851649
0.851712
0.851712
0.852441
0.852441
0.853150
0.853150
0.853470
0.853746
0.857016
0.857016
0.858108
0.858404
0.858405
0.859050
0.859051
0.863050
0.863294
0.863294
0.863904
0.863904
0.864105
0.864105
0.865299
0.865299
0.865759
0.868572
0.868672
0.868672
0.869920
0.869920
0.870295
0.870295
0.872471
0.872471
0.873853
0.873853
0.874650
0.874650
0.874673
0.875060
0.875060
0.875846
0.875846
0.876231
0.876231
0.876821
0.876821
0.877953
0.881349
0.883851
0.883851
0.884554
0.884554
0.888597
0.889604
0.890870
0.890870
0.893190
0.893190
0.896413
0.897132
0.897132
0.897717
0.899589
0.899589
0.900720
0.901182
0.901182
0.904792
0.905379
0.905379
0.905602
0.905602
0.906111
0.906877
0.906877
0.906877
0.906877
0.909341
0.909341
0.909341
0.909341
0.910597
0.910597
0.910983
0.910983
0.911187
0.911187
0.913726
0.915374
0.915374
0.915632
0.915632
0.916900
0.918722
0.918722
0.918820
0.918820
0.923210
0.928787
0.933231
0.940769
0.943781
0.952660
0.954844
0.964384
0.966406
0.975891
0.978445
0.987138
0.990935
0.998087
1.003832
1.008703
1.017027
1.018952
1.027913
1.027913
1.028246
1.028246
1.028801
1.029968
1.030159
1.030159
1.031259
1.031259
1.034463
1.034463
1.036200
1.036200
1.037797
1.038219
1.040119
1.040119
1.040225
1.040269
1.040269
1.043144
1.043144
1.044664
1.044664
1.044664
1.044664
1.046960
1.046960
1.047175
1.047459
1.047614
1.047614
1.047614
1.047614
1.048391
1.048391
1.048539
1.048539
1.054931
1.054931
1.055641
1.057123
1.057123
1.060997
1.062727
1.062727
1.063590
1.068075
1.068075
1.070507
1.070507
1.070998
1.075646
1.077832
1.077832
1.077840
1.078175
1.078175
1.078314
1.078314
1.079349
1.079350
1.080294
1.080294
1.080988
1.080988
1.082303
1.082303
1.084096
1.085135
1.085135
1.085624
1.085624
1.086931
1.086931
1.089746
1.090390
1.090390
1.090733
1.092679
1.092679
1.093299
1.093299
1.093474
1.093474
1.094772
1.096489
1.096489
1.099160
1.099488
1.099488
1.101256
1.101256
1.102894
1.103221
1.103221
1.105799
1.105799
1.105966
1.106128
1.107185
1.107185
1.108364
1.110082
1.110389
1.110390
1.110573
1.110573
1.111115
1.111526
1.111526
1.111593
1.111593
1.111624
1.111624
1.113327
1.113327
1.113497
1.113497
1.116623
1.116623
1.116765
1.116765
1.116912
1.116912
1.117821
1.117821
1.121022
1.121022
1.121309
1.121309
1.121450
1.121450
1.121483
1.121483
1.121655
1.121655
1.121762
1.123351
1.123351
1.125177
1.125178
1.125369
1.125369
1.125813
1.125813
1.126965
1.126965
1.127715
1.127715
1.128412
1.128412
1.129362
1.129362
1.132253
1.132253
1.132291
1.132291
1.133034
1.133034
1.133056
1.133057
1.133544
1.133544
1.134582
1.134582
1.135269
1.135269
1.136181
1.136181
1.136228
1.136228
1.137218
1.137218
1.137583
1.138924
1.138924
1.140231
1.140232
1.140857
1.140857
1.143939
1.143939
1.144630
1.144630
1.145921
1.145921
1.147428
1.147429
1.148727
1.148727
1.150318
1.151181
1.151181
1.152542
1.153534
1.153542
1.153542
1.153851
1.153851
1.153878
1.154325
1.154325
1.156210
1.156636
1.156995
1.156995
1.157364
1.157364
1.160870
1.160870
1.161181
1.161237
1.162540
1.162540
1.163875
1.163875
1.165551
1.165551
1.166402
1.166402
1.166966
1.166966
1.167439
1.167573
1.168717
1.168717
1.168766
1.168766
1.169581
1.170606
1.170606
1.170790
1.170790
1.171350
1.171350
1.171823
1.171823
1.172639
1.172640
1.173909
1.173909
1.174245
1.174245
1.175110
1.175131
1.175131
1.175314
1.175555
1.175555
1.177807
1.177808
1.179064
1.179064
1.181240
1.181240
1.181545
1.181545
1.181776
1.181776
1.182423
1.182424
1.182641
1.182641
1.183712
1.184163
1.184163
1.184692
1.185248
1.185248
1.185674
1.186478
1.186478
1.186503
1.186503
1.188258
1.188258
1.189986
1.189986
1.191187
1.191187
1.191568
1.191568
1.192810
1.192810
1.192857
1.192858
1.193343
1.195110
1.195110
1.195449
1.196350
1.196350
1.196726
1.196726
1.197179
1.197179
1.197701
1.197701
1.197923
1.197924
1.198238
1.198238
1.199541
1.199541
1.201685
1.201763
1.201763
1.201776
1.201776
1.203831
1.205340
1.205340
1.207452
1.207634
1.207634
1.209537
1.209538
1.210201
1.210201
1.211730
1.211730
1.211791
1.211791
1.212015
1.212015
1.212112
1.212112
1.212562
1.212562
1.215071
1.215092
1.215092
1.215165
1.215165
1.215405
1.215405
1.217594
1.219166
1.219166
1.220072
1.220072
1.220567
1.221535
1.221536
1.222168
1.222168
1.222219
1.222219
1.222863
1.222863
1.223718
1.223718
1.224522
1.224522
1.225070
1.225070
1.225501
1.225501
1.225654
1.225654
1.226939
1.227819
1.227819
1.229713
1.229713
1.229970
1.229970
1.230275
1.230276
1.232278
1.232278
1.233295
1.234261
1.234261
1.234661
1.236187
1.236187
1.236381
1.236381
1.236445
1.236445
1.236472
1.236472
1.236798
1.236798
1.239306
1.239375
1.239375
1.242104
1.242104
1.242140
1.242140
1.242835
1.242835
1.244034
1.244034
1.244127
1.244127
1.246073
1.246073
1.247552
1.247552
1.247897
1.247897
1.248653
1.249604
1.250119
1.250119
1.251614
1.251614
1.251923
1.251923
1.252034
1.252357
1.252357
1.252894
1.252894
1.253014
1.253014
1.256580
1.256580
1.257458
1.257458
1.257619
1.257619
1.259660
1.259660
1.260183
1.260183
1.260334
1.260334
1.260731
1.260731
1.263093
1.263093
1.263145
1.263145
1.263402
1.264515
1.264515
1.265032
1.265268
1.265463
1.265463
1.265613
1.265613
1.265829
1.265829
1.267126
1.267126
1.267805
1.267805
1.268128
1.268128
1.268719
1.268719
1.269276
1.269276
1.269385
1.269386
1.271394
1.271394
1.271467
1.271467
1.271642
1.271642
1.273608
1.273608
1.276217
1.276217
1.276884
1.277511
1.277511
1.278058
1.278058
1.278433
1.279134
1.279134
1.279169
1.279169
1.279182
1.279182
1.281534
1.282000
1.282000
1.283591
1.283591
1.283862
1.283862
1.284505
1.284505
1.285049
1.285050
1.288045
1.288045
1.288823
1.288823
1.289005
1.289039
1.289039
1.289298
1.289298
1.290277
1.290277
1.290438
1.290439
1.291474
1.291950
1.291950
1.292283
1.292283
1.292426
1.292426
1.292740
1.292740
1.293269
1.293269
1.295771
1.295771
1.295925
1.295925
1.297132
1.297132
1.297290
1.297290
1.297391
1.297391
1.297931
1.297931
1.298170
1.298170
1.298284
1.299480
1.300954
1.300954
1.300970
1.300970
1.301358
1.301358
1.302540
1.302540
1.302582
1.302582
1.302862
1.303682
1.303683
1.304096
1.304096
1.304206
1.304206
1.304475
1.304475
1.305891
1.305891
1.306551
1.306551
1.307005
1.308473
1.308473
1.309146
1.309146
1.309867
1.309867
1.310159
1.310159
1.310263
1.310263
1.310745
1.310745
1.311209
1.311209
1.312302
1.312302
1.312545
1.312546
1.313552
1.313552
1.313909
1.314288
1.314288
1.314636
1.314636
1.314831
1.315409
1.315922
1.315923
1.316900
1.316900
1.317395
1.317395
1.318642
1.318643
1.320757
1.320757
1.322325
1.322325
1.323402
1.323402
1.324036
1.324036
1.324964
1.324964
1.326356
1.326356
1.328533
1.328533
1.328583
1.328583
1.330065
1.330065
1.332101
1.332101
1.332804
1.334324
1.334324
1.336998
1.336998
1.341768
1.341768
1.343133
1.343133
1.343418
1.343418
1.343599
1.343599
1.350370
1.350382
1.350382
1.350493
1.350493
1.351327
1.351327
1.355240
1.355240
1.356415
1.356415
1.357753
1.357753
1.358580
1.358581
1.359022
1.359022
1.363289
1.363289
1.364669
1.364669
1.365177
1.365177
1.367510
1.367510
1.368014
1.368666
1.368666
1.371743
1.371744
1.372175
1.372175
1.374127
1.374127
1.376875
1.376875
1.379275
1.379275
1.379598
1.379598
1.380151
1.380151
1.382843
1.382843
1.384665
1.384969
1.384969
1.385075
1.385075
1.385647
1.385936
1.386279
1.386280
1.386444
1.386444
1.387181
1.387181
1.388748
1.388748
1.390078
1.390179
1.390179
1.393071
1.393071
1.393490
1.393490
1.393522
1.393661
1.393661
1.395207
1.395207
1.395233
1.395233
1.397835
1.397835
1.398443
1.398443
1.398923
1.399527
1.399527
1.399936
1.399936
1.400044
1.400044
1.401046
1.401046
1.401391
1.401391
1.401572
1.401572
1.402166
1.402166
1.402914
1.402914
1.403185
1.403188
1.403253
1.403254
1.403786
1.403786
1.405703
1.405703
1.406475
1.406475
1.406501
1.406501
1.407118
1.407118
1.407350
1.407350
1.409445
1.409445
1.410014
1.410014
1.410109
1.410109
1.410263
1.410263
1.410420
1.411145
1.411145
1.411735
1.411735
1.412483
1.412483
1.413543
1.413639
1.413639
1.413898
1.413898
1.413953
1.413953
1.414882
1.414882
1.414995
1.414996
1.415933
1.415934
1.416201
1.416201
1.416739
1.416739
1.416823
1.416823
1.416857
1.416857
1.417328
1.417328
1.418311
1.418311
1.418332
1.418332
1.419175
1.419175
1.419907
1.419907
1.420411
1.420411
1.420549
1.421000
1.421000
1.421774
1.421774
1.421932
1.421932
1.422070
1.422070
1.422381
1.422381
1.422558
1.422558
1.423614
1.423887
1.423887
1.423991
1.424015
1.424015
1.424623
1.424623
1.424916
1.424916
1.425455
1.425455
1.425525
1.425525
1.425982
1.425982
1.426784
1.426784
1.427139
1.427139
1.427821
1.427821
1.427962
1.427962
1.428247
1.428247
1.430240
1.430241
1.430376
1.430376
1.431127
1.431127
1.432191
1.432191
1.432223
1.432223
1.434074
1.434074
1.434231
1.434283
1.434283
1.434451
1.434451
1.435427
1.435427
1.435461
1.435462
1.435638
1.435638
1.435734
1.435734
1.437665
1.437741
1.437741
1.437759
1.438325
1.438325
1.439107
1.439107
1.439133
1.439133
1.439619
1.439619
1.441444
1.441444
1.441648
1.441648
1.442074
1.442074
1.442353
1.442353
1.444095
1.444259
1.444259
1.444678
1.444678
1.444881
1.444881
1.445890
1.445890
1.446065
1.446065
1.447058
1.447058
1.447597
1.447597
1.447809
1.447809
1.447924
1.447924
1.448320
1.448320
1.450186
1.450186
1.450384
1.450384
1.452083
1.452347
1.452347
1.452454
1.452454
1.452638
1.452638
1.453615
1.453615
1.453726
1.453726
1.453784
1.454464
1.454519
1.454520
1.455768
1.455768
1.455824
1.455824
1.456718
1.456718
1.456845
1.456845
1.457224
1.457224
1.457657
1.457657
1.457781
1.457781
1.458158
1.458159
1.458579
1.458579
1.459150
1.459150
1.459435
1.459435
1.459760
1.459760
1.459826
1.459826
1.460451
1.460451
1.460573
1.460573
1.460858
1.460858
1.461181
1.461181
1.461623
1.461623
1.461872
1.463377
1.463377
1.463458
1.463458
1.463481
1.463481
1.464262
1.464262
1.465538
1.465538
1.465649
1.465649
1.466798
1.466798
1.467239
1.467239
1.467467
1.467539
1.467809
1.467809
1.467847
1.467847
1.468497
1.468497
1.469808
1.469808
1.469921
1.470001
1.470560
1.470560
1.470880
1.471201
1.471201
1.471606
1.471606
1.472007
1.472007
1.472792
1.472792
1.473534
1.474225
1.474225
1.475411
1.475411
1.475619
1.475619
1.477169
1.477242
1.477242
1.478942
1.478969
1.478969
1.479826
1.479827
1.479873
1.479873
1.481194
1.481194
1.481623
1.481623
1.482038
1.482038
1.482320
1.483667
1.483873
1.483873
1.483935
1.483935
1.483976
1.483976
1.484046
1.484046
1.484638
1.484638
1.486229
1.486701
1.486701
1.486723
1.486723
1.486854
1.487437
1.487437
1.488603
1.488603
1.489380
1.489413
1.489413
1.490815
1.490815
1.491543
1.491543
1.491639
1.491639
1.491680
1.491680
1.491974
1.491974
1.492381
1.492381
1.492847
1.492847
1.492881
1.493305
1.493305
1.493401
1.493401
1.493462
1.493462
1.493507
1.493507
1.493880
1.493880
1.494257
1.494360
1.494360
1.494505
1.494505
1.495211
1.495211
1.495795
1.495795
1.496014
1.496014
1.496428
1.496428
1.496656
1.496656
1.496968
1.496968
1.497563
1.497563
1.497980
1.497980
1.497996
1.497996
1.498190
1.498351
1.498351
1.498987
1.499040
1.499040
1.499125
1.499125
1.499535
1.499535
1.499618
1.499618
1.499635
1.499635
1.500228
1.500228
1.500242
1.500242
1.501354
1.502331
1.502402
1.502615
1.502615
1.503008
1.503008
1.503623
1.504102
1.504102
1.504971
1.506123
1.506123
1.507325
1.507325
1.507870
1.507871
1.507969
1.507969
1.508240
1.508240
1.508651
1.508651
1.511941
1.511941
1.512869
1.513041
1.513041
1.513936
1.515742
1.515742
1.516099
1.516099
1.516531
1.516531
1.517260
1.517502
1.517502
1.518365
1.518365
1.521641
1.521641
1.521728
1.521728
1.524374
1.524408
1.524408
1.526317
1.526317
1.526834
1.526834
1.527664
1.527665
1.527804
1.527804
1.528069
1.528069
1.529010
1.529287
1.529287
1.531595
1.535822
1.535822
1.536064
1.536064
1.536787
1.537173
1.537173
1.537242
1.537242
1.537344
1.537344
1.539032
1.539032
1.539169
1.539169
1.541921
1.541921
1.541995
1.541995
1.543958
1.545148
1.545148
1.545297
1.546057
1.546057
1.549843
1.549843
1.549943
1.550437
1.550437
1.550724
1.550724
1.551862
1.551862
1.553057
1.553058
1.553100
1.553100
1.553740
1.553741
1.554610
1.554610
1.555138
1.555138
1.558331
1.558742
1.559049
1.559049
1.560453
1.560453
1.562584
1.562584
1.563611
1.564268
1.564268
1.564619
1.564619
1.564949
1.564949
1.565063
1.565063
1.566150
1.566150
1.567278
1.567278
1.567295
1.567295
1.567358
1.567358
1.568221
1.568221
1.570121
1.570121
1.570522
1.570522
1.570666
1.571299
1.571300
1.573364
1.573464
1.573464
1.573719
1.573719
1.573888
1.573888
1.574592
1.574592
1.574610
1.574610
1.575634
1.575634
1.575870
1.575870
1.576958
1.576958
1.577230
1.577230
1.577344
1.577344
1.577508
1.578069
1.578069
1.578395
1.578395
1.578472
1.578472
1.578626
1.578626
1.578781
1.578781
1.579735
1.579735
1.580006
1.580006
1.580433
1.580433
1.581103
1.581103
1.581225
1.581226
1.581294
1.581294
1.582277
1.583979
1.583979
1.587700
1.587700
1.587787
1.588992
1.588992
1.589099
1.589099
1.591048
1.591048
1.591359
1.591859
1.591860
1.592197
1.592197
1.593146
1.594127
1.594127
1.594807
1.594807
1.599000
1.599000
1.599033
1.599033
1.599434
1.599434
1.601870
1.603221
1.603221
1.603258
1.603715
1.603715
1.604641
1.604641
1.604934
1.607240
1.607240
1.607629
1.607629
1.608443
1.608443
1.609149
1.609149
1.611580
1.611580
1.612605
1.614684
1.614684
1.615353
1.615887
1.615887
1.616290
1.616290
1.616671
1.616671
1.616789
1.616789
1.618047
1.619604
1.619604
1.621183
1.621537
1.621537
1.623735
1.623735
1.623903
1.623903
1.623939
1.623939
1.625925
1.625925
1.627356
1.627356
1.627800
1.627800
1.627884
1.628994
1.629404
1.629404
1.630211
1.630211
1.630493
1.630604
1.630604
1.633937
1.633937
1.634594
1.634594
1.634597
1.634597
1.635226
1.635226
1.636045
1.636795
1.636795
1.637173
1.637173
1.637390
1.637390
1.637682
1.637682
1.637874
1.637874
1.637899
1.637899
1.638141
1.638141
1.638338
1.638338
1.638856
1.638856
1.638905
1.638905
1.639120
1.639614
1.639614
1.639949
1.639949
1.640509
1.640509
1.640761
1.640761
1.640801
1.640801
1.641478
1.641478
1.641537
1.641537
1.641909
1.642107
1.642107
1.642196
1.642196
1.642348
1.642558
1.642558
1.642558
1.642558
1.643284
1.643284
1.645109
1.645109
1.646349
1.646349
1.646740
1.646740
1.647139
1.647139
1.647286
1.647286
1.647918
1.648751
1.649202
1.649202
1.651197
1.651197
1.651734
1.652774
1.653650
1.653650
1.654248
1.654248
1.655299
1.655299
1.656148
1.656148
1.656347
1.656347
1.656433
1.656559
1.656559
1.656937
1.658775
1.658775
1.659324
1.660258
1.660259
1.660412
1.660856
1.660856
1.661742
1.661742
1.661825
1.662456
1.662456
1.662580
1.662758
1.663190
1.663252
1.663940
1.663940
1.663980
1.664110
1.664142
1.664142
1.664421
1.664649
1.664650
1.664826
1.665239
1.665239
1.665364
1.665542
1.666457
1.666457
1.666519
1.666623
1.666623
1.666773
1.666773
1.666884
1.667325
1.667325
1.667914
1.668002
1.669051
1.669147
1.669332
1.669332
1.669410
1.669410
1.669598
1.669598
1.669915
1.669915
1.669994
1.670098
1.670211
1.670211
1.670735
1.670787
1.670838
1.670838
1.671198
1.671211
1.673090
1.673090
1.673338
1.673338
1.673372
1.673372
1.673407
1.673407
1.755181
1.755181
1.764524
1.764524
1.764525
1.764525
1.777663
1.777663
1.777663
1.777663
1.785579
1.785579
1.785579
1.785579
1.788062
1.788062
1.833904
1.833932
1.837534
1.837760
1.842971
1.843777
1.849652
1.851479
1.855907
1.855907
1.856040
1.856040
1.857171
1.858535
1.858535
1.859067
1.859067
1.860181
1.862654
1.862654
1.863796
1.863796
1.865373
1.868020
1.868020
1.869018
1.869743
1.869743
1.874395
1.874489
1.874489
1.876322
1.876322
1.877330
1.881989
1.881989
1.883080
1.883080
1.884289
1.885052
1.889813
1.889813
1.890336
1.890336
1.892299
1.894536
1.895314
1.895314
1.895389
1.895390
1.896466
1.896466
1.896963
1.896963
1.897238
1.897238
1.899045
1.899045
1.899228
1.899634
1.899634
1.900140
1.900140
1.903152
1.903152
1.903252
1.903252
1.903640
1.903848
1.903848
1.906870
1.906998
1.906998
1.907749
1.907749
1.908094
1.908094
1.909979
1.910587
1.910587
1.912667
1.912667
1.913021
1.913021
1.913350
1.913350
1.915167
1.916431
1.917444
1.917445
1.918838
1.918838
1.918844
1.918844
1.919235
1.919235
1.919763
1.922403
1.922403
1.923083
1.923832
1.923832
1.924764
1.924764
1.926327
1.926774
1.927196
1.927196
1.927719
1.927719
1.927757
1.927757
1.927800
1.927800
1.928809
1.928809
1.928844
1.928980
1.928980
1.929283
1.929283
1.930151
1.930151
1.930473
1.930507
1.930507
1.930868
1.930868
1.931535
1.931605
1.931605
1.932789
1.932789
1.933349
1.933349
1.933737
1.933737
1.934936
1.934936
1.934973
1.934973
1.935595
1.935595
1.936268
1.936268
1.936342
1.937098
1.937098
1.938172
1.938172
1.938877
1.938877
1.939357
1.939357
1.939460
1.939460
1.939724
1.939724
1.940219
1.940219
1.941112
1.941112
1.941272
1.941272
1.942015
1.942015
1.942167
1.942167
1.942576
1.942576
1.942800
1.942800
1.943469
1.943469
1.943548
1.943548
1.945354
1.945402
1.945402
1.946106
1.946106
1.946194
1.946194
1.946207
1.946207
1.946597
1.946597
1.947728
1.947728
1.948041
1.948041
1.949642
1.949642
1.950222
1.950222
1.950356
1.950356
1.950780
1.950780
1.953105
1.953105
1.953195
1.953195
1.953426
1.953426
1.953793
1.953963
1.953963
1.954053
1.954053
1.954871
1.954871
1.956160
1.956160
1.956252
1.956252
1.956694
1.956694
1.958333
1.958333
1.958544
1.958544
1.959178
1.959179
1.960358
1.960358
1.960411
1.960411
1.960591
1.960591
1.961476
1.961476
1.961590
1.961786
1.961786
1.961918
1.961918
1.962189
1.962189
1.962949
1.962949
1.963614
1.963614
1.964680
1.964680
1.964756
1.964756
1.965141
1.965141
1.966303
1.966303
1.967526
1.967526
1.967995
1.967996
1.968308
1.968308
1.968659
1.968659
1.968713
1.970153
1.970153
1.970725
1.970725
1.971791
1.971791
1.971989
1.971989
1.973033
1.973033
1.973308
1.973309
1.974303
1.974303
1.974519
1.974519
1.975146
1.975733
1.975734
1.976238
1.976238
1.976445
1.976445
1.976841
1.976841
1.977927
1.977927
1.977993
1.977993
1.979209
1.979209
1.979879
1.979879
1.980083
1.980083
1.980095
1.980095
1.980448
1.980448
1.980888
1.981373
1.981373
1.981411
1.981411
1.982005
1.982005
1.982011
1.982011
1.982412
1.982412
1.982844
1.982844
1.983762
1.983762
1.985034
1.985034
1.985359
1.985359
1.985486
1.985486
1.985537
1.985537
1.985945
1.986800
1.986800
1.987931
1.987931
1.988093
1.988093
1.989066
1.989066
1.989242
1.989242
1.989345
1.989345
1.990024
1.990024
1.990254
1.990255
1.990330
1.991135
1.991135
1.991827
1.991827
1.991888
1.991889
1.992160
1.992160
1.992519
1.992519
1.993031
1.993031
1.993042
1.993042
1.993357
1.993357
1.993425
1.993426
1.993706
1.993706
1.993874
1.993874
1.994061
1.994636
1.994636
1.994783
1.994783
1.995686
1.995686
1.996141
1.996141
1.996532
1.996532
1.996956
1.996956
1.997141
1.997199
1.997199
1.997711
1.997711
1.998091
1.998091
1.998362
1.998362
1.998545
1.998545
1.998618
1.998618
1.998658
1.998658
1.998692
1.998692
1.998712
1.998712
1.998714
1.998714
1.998731
1.998731
1.998738
1.998738
1.998757
1.998757
1.998757
1.998757
1.998839
1.999003
1.999139
1.999139
1.999352
1.999352
1.999383
1.999470
1.999600
1.999600
1.999604
1.999604
1.999736
1.999736
1.999844
1.999844
2.000037
2.000082
2.000082
2.000111
2.000112
2.000207
2.000207
2.000340
2.000340
2.000354
2.000627
2.000627
2.000819
2.000819
2.000938
2.000938
2.001122
2.001122
2.001138
2.001277
2.001277
2.001334
2.001334
2.001423
2.001845
2.001845
2.001917
2.001917
2.001925
2.001925
2.002152
2.002152
2.002215
2.002347
2.002347
2.002417
2.002417
2.002458
2.002757
2.002757
2.002784
2.002784
2.002886
2.002886
2.003013
2.003013
2.003018
2.003018
2.003077
2.003077
2.003403
2.003477
2.003880
2.003880
2.003888
2.003888
2.004347
2.004505
2.004613
2.004613
2.004671
2.004671
2.005196
2.005196
2.005213
2.005236
2.005236
2.005307
2.005569
2.005569
2.005580
2.005580
2.005878
2.005909
2.006284
2.006289
