0.318370
0.320091
0.320091
0.324894
0.324894
0.331646
0.331646
0.338284
0.338284
0.338424
0.339515
0.339515
0.341700
0.341700
0.342048
0.342048
0.397503
0.397503
0.397959
0.397959
0.400460
0.400460
0.401530
0.401530
0.401718
0.408662
0.408662
0.415870
0.415871
0.420940
0.420940
0.422739
0.721340
0.725818
0.725818
0.739085
0.739085
0.760684
0.760684
0.789826
0.789826
0.824038
0.824038
0.827391
0.831127
0.831127
0.839327
0.839328
0.868082
0.868082
0.879647
0.879648
0.884557
0.884557
0.903139
0.903139
0.919997
0.919997
0.925767
0.925767
0.933195
0.933195
0.938934
0.976189
0.983211
0.990401
0.998819
0.998819
1.020069
1.020069
1.037164
1.037164
1.050272
1.050272
1.087048
1.087048
1.095219
1.095219
1.125585
1.125585
1.155193
1.155193
1.166679
1.166679
1.194428
1.194428
1.204968
1.205500
1.205500
1.249169
1.249169
1.281953
1.281953
1.301924
1.301924
1.308559
1.465594
1.468168
1.468168
1.475797
1.475798
1.487516
1.487516
1.500822
1.500822
1.512267
1.512267
1.518979
1.518979
1.520637
1.520765
1.520765
1.743182
1.746904
1.746904
1.757742
1.757742
1.774078
1.774078
1.792828
1.792828
1.810680
1.810680
1.825079
1.825079
1.834354
1.834354
1.837551
