0.300477
0.300548
0.300548
0.300785
0.300785
0.301287
0.301287
0.302249
0.302249
0.303852
0.303852
0.305996
0.305996
0.307957
0.307957
0.308708
0.322733
0.323904
0.323904
0.327833
0.327833
0.333798
0.333798
0.339964
0.339964
0.343836
0.344477
0.344477
0.345170
0.345170
0.346148
0.346148
0.349228
0.351432
0.351432
0.358525
0.359526
0.359526
0.362942
0.362942
0.371083
0.371083
0.374678
0.374678
0.379676
0.379963
0.379963
0.380723
0.380723
0.381828
0.381828
0.387757
0.387757
0.388178
0.388178
0.390780
0.390780
0.393370
0.393370
0.396738
0.396738
0.397880
0.398811
0.398811
0.421505
0.421505
0.429429
0.429429
0.437655
0.437655
0.447342
0.447342
0.455117
0.455118
0.461021
0.461021
0.466090
0.467243
0.467243
0.471526
0.652413
0.656448
0.656448
0.669272
0.669272
0.692010
0.692010
0.724896
0.724896
0.763169
0.766984
0.766984
0.767350
0.767350
0.779399
0.779399
0.798281
0.798281
0.815980
0.815980
0.822105
0.822106
0.849317
0.849317
0.864480
0.864480
0.877062
0.877062
0.884127
0.887730
0.887730
0.890649
0.894524
0.894524
0.897967
0.897967
0.902865
0.902865
0.904172
0.909969
0.909969
0.914822
0.914822
0.918988
0.918988
0.926999
0.926999
0.934929
1.006995
1.015311
1.015311
1.029783
1.029783
1.041704
1.041704
1.044387
1.049545
1.049545
1.056088
1.056088
1.056808
1.056808
1.057914
1.063688
1.063688
1.071012
1.071012
1.074608
1.087138
1.087138
1.088199
1.088199
1.124077
1.124077
1.149946
1.149946
1.160862
1.160862
1.193157
1.193157
1.218779
1.218779
1.219253
1.219253
1.235354
1.235354
1.240883
1.281286
1.281286
1.310016
1.313873
1.313873
1.324010
1.324010
1.324639
1.324639
1.334998
1.344143
1.344143
1.368247
1.368247
1.399323
1.399323
1.400548
1.400548
1.410157
1.410157
1.430799
1.430799
1.431552
1.431552
1.437242
1.437242
1.439823
1.471532
1.471532
1.480484
1.480484
1.506867
1.506867
1.507812
1.507812
1.509945
1.510552
1.510552
1.538394
1.538394
1.553130
1.568154
1.568154
1.577457
1.577457
1.589572
1.589572
1.596729
1.596729
1.616183
1.616183
1.629887
1.629887
1.631422
1.631422
1.634514
1.651740
1.689775
1.703361
1.703361
1.732122
1.732122
1.762202
1.762202
1.788222
1.788223
1.808197
1.808197
1.820386
1.820386
1.821047
1.823025
1.823025
1.911652
1.919418
1.919418
1.938765
1.938765
1.959670
1.959670
1.975158
1.975158
1.983892
1.983892
1.987592
1.987592
1.988676
1.988676
1.988847
