0.299079
0.299115
0.299175
0.299175
0.299211
0.299211
0.299330
0.299369
0.299418
0.299418
0.299436
0.299436
0.299508
0.299508
0.299527
0.299527
0.299656
0.299656
0.299746
0.299746
0.299874
0.299975
0.299975
0.300094
0.300094
0.300116
0.300116
0.300230
0.300230
0.300346
0.300346
0.300544
0.300544
0.300941
0.300941
0.301154
0.301154
0.301190
0.301190
0.301241
0.301315
0.301315
0.301524
0.301524
0.301594
0.301594
0.302074
0.302074
0.302219
0.302219
0.302443
0.302443
0.302817
0.302817
0.302882
0.302882
0.303571
0.303571
0.303646
0.303646
0.303681
0.303694
0.303694
0.303699
0.303699
0.303720
0.303720
0.304493
0.304493
0.304566
0.304566
0.304821
0.304821
0.305076
0.305076
0.305545
0.305545
0.305954
0.305954
0.305961
0.305961
0.306093
0.306093
0.306720
0.306720
0.307226
0.307242
0.307242
0.307272
0.307272
0.308078
0.308078
0.308234
0.308313
0.308313
0.309428
0.309428
0.309653
0.309751
0.309751
0.310674
0.310674
0.310925
0.310925
0.312060
0.312445
0.313692
0.313692
0.314178
0.314178
0.316104
0.316501
0.331017
0.331803
0.332043
0.332043
0.332438
0.332438
0.335115
0.335115
0.335178
0.335178
0.338572
0.338572
0.338575
0.338575
0.340087
0.340087
0.343067
0.343721
0.344040
0.345660
0.345660
0.346222
0.347805
0.347805
0.348843
0.348843
0.349328
0.349328
0.349445
0.349492
0.350979
0.351331
0.351331
0.353566
0.353566
0.353572
0.353572
0.353589
0.354232
0.354232
0.355344
0.355344
0.357628
0.357628
0.357699
0.357855
0.357855
0.358817
0.358817
0.360189
0.360189
0.360417
0.360479
0.360732
0.360926
0.360926
0.361458
0.361458
0.361529
0.361529
0.361954
0.361954
0.362388
0.362388
0.364154
0.364154
0.365073
0.365073
0.365119
0.365119
0.365199
0.365199
0.365280
0.365902
0.365902
0.366745
0.366745
0.366925
0.367355
0.367355
0.367714
0.367714
0.368209
0.368283
0.368283
0.369538
0.369538
0.370397
0.370397
0.370648
0.370648
0.370923
0.370923
0.372541
0.372541
0.372559
0.372559
0.372559
0.372559
0.372940
0.372940
0.373111
0.373111
0.373659
0.373659
0.374374
0.374374
0.374853
0.374853
0.375193
0.375944
0.375944
0.376872
0.376872
0.377709
0.377709
0.381083
0.381083
0.381629
0.381629
0.382263
0.382263
0.382764
0.382764
0.383180
0.383180
0.383422
0.383422
0.383780
0.383780
0.384126
0.384135
0.384135
0.387498
0.387498
0.387555
0.387555
0.387708
0.387709
0.389028
0.389028
0.391259
0.391259
0.392478
0.393385
0.393385
0.393743
0.393743
0.394199
0.394199
0.394634
0.394634
0.399005
0.399005
0.399482
0.399482
0.400883
0.400883
0.403913
0.403913
0.403979
0.403979
0.404369
0.404369
0.405785
0.406433
0.406433
0.406642
0.406642
0.407249
0.407249
0.409419
0.409419
0.410305
0.410305
0.412447
0.412447
0.412529
0.414986
0.414986
0.419340
0.419340
0.419813
0.419814
0.422594
0.422594
0.424099
0.424099
0.425635
0.425635
0.427206
0.427206
0.428366
0.428366
0.431454
0.431454
0.431613
0.431774
0.431774
0.435030
0.435079
0.435079
0.440240
0.440240
0.441500
0.441500
0.442235
0.442235
0.442728
0.442728
0.442972
0.442972
0.454878
0.454878
0.455279
0.455279
0.456784
0.456784
0.458309
0.458309
0.459103
0.460011
0.463640
0.463640
0.465110
0.465111
0.467319
0.467319
0.469479
0.469479
0.477878
0.477878
0.482066
0.482066
0.482301
0.482301
0.482871
0.485106
0.485106
0.488655
0.494997
0.494997
0.497849
0.497849
0.499048
0.499049
0.503190
0.506234
0.506234
0.511312
0.511312
0.514207
0.516499
0.523189
0.523189
0.532388
0.625141
0.626648
0.626648
0.630752
0.633561
0.633561
0.635082
0.635082
0.643830
0.644171
0.644171
0.647716
0.647716
0.655290
0.655290
0.660221
0.660221
0.665018
0.665567
0.665567
0.669526
0.669526
0.682714
0.682714
0.683189
0.683189
0.687607
0.687607
0.693609
0.698197
0.698197
0.698355
0.698355
0.706299
0.706299
0.712399
0.712399
0.715544
0.715544
0.728576
0.729932
0.729932
0.733198
0.733198
0.735349
0.735349
0.738928
0.738928
0.740556
0.740556
0.746702
0.746702
0.757713
0.757713
0.766932
0.766932
0.768264
0.768264
0.768758
0.772771
0.772771
0.778182
0.778182
0.780459
0.780459
0.784306
0.784306
0.789033
0.789033
0.796978
0.796978
0.802103
0.802103
0.806461
0.806461
0.806637
0.806637
0.812775
0.815319
0.815319
0.822304
0.822304
0.823075
0.823075
0.824438
0.824438
0.829083
0.829083
0.831945
0.831945
0.832105
0.832105
0.834915
0.834915
0.842000
0.842001
0.843794
0.849547
0.849547
0.850110
0.850110
0.853555
0.853555
0.854139
0.854139
0.855347
0.855347
0.856671
0.857971
0.857971
0.858701
0.872456
0.872456
0.874504
0.874504
0.878102
0.879203
0.879203
0.892032
0.892032
0.895265
0.900452
0.900737
0.900737
0.903230
0.903230
0.906823
0.906823
0.906931
0.906931
0.907939
0.909337
0.909337
0.909344
0.909344
0.910597
0.910597
0.910809
0.910809
0.912524
0.920782
0.920782
0.945801
0.955151
0.990795
0.998017
1.028214
1.028214
1.033854
1.036296
1.037705
1.037705
1.039316
1.041820
1.041820
1.042464
1.042464
1.044627
1.044627
1.044701
1.044701
1.047609
1.047609
1.047620
1.047620
1.048391
1.048391
1.049358
1.058169
1.058169
1.068053
1.069058
1.069058
1.082961
1.082961
1.082994
1.082994
1.091810
1.096868
1.096868
1.102137
1.103676
1.103677
1.103781
1.103781
1.106493
1.108719
1.108719
1.115715
1.115715
1.116725
1.116725
1.118897
1.118897
1.127946
1.127946
1.131575
1.131575
1.132800
1.132800
1.135514
1.135514
1.140642
1.140642
1.149469
1.149469
1.151705
1.151705
1.158492
1.158492
1.159482
1.159482
1.162191
1.163509
1.165730
1.165730
1.168146
1.179380
1.179380
1.179749
1.179749
1.180274
1.180274
1.182641
1.182641
1.183685
1.183686
1.193371
1.193371
1.198104
1.198104
1.199292
1.203001
1.203001
1.209217
1.212495
1.212495
1.217993
1.217993
1.221977
1.221977
1.222336
1.222336
1.222590
1.222590
1.223151
1.224306
1.224306
1.227309
1.227309
1.227361
1.227361
1.246595
1.249612
1.249612
1.251118
1.251118
1.255434
1.255434
1.256064
1.256064
1.258758
1.258758
1.259154
1.259154
1.263691
1.263691
1.267053
1.268912
1.268912
1.273569
1.273569
1.276890
1.276890
1.278759
1.278759
1.279659
1.284356
1.284356
1.289584
1.289584
1.292845
1.292845
1.297469
1.302123
1.302123
1.302812
1.302812
1.302892
1.302892
1.306325
1.306325
1.308061
1.308061
1.309912
1.309912
1.310490
1.310490
1.316365
1.316365
1.318484
1.318484
1.319186
1.319186
1.320086
1.321262
1.321262
1.333327
1.336742
1.336742
1.342106
1.342106
1.352507
1.352507
1.361035
1.361035
1.366572
1.366572
1.379109
1.379109
1.383297
1.383298
1.392982
1.392982
1.393343
1.393343
1.394542
1.395083
1.395083
1.395093
1.395093
1.401641
1.402742
1.402742
1.403372
1.403372
1.404503
1.404503
1.408733
1.408733
1.411464
1.413289
1.413289
1.414546
1.414546
1.416342
1.416342
1.419071
1.419071
1.420271
1.420271
1.420923
1.420923
1.421828
1.421828
1.427390
1.427390
1.430534
1.430534
1.431479
1.431479
1.434864
1.437438
1.437438
1.438300
1.438300
1.440797
1.440797
1.441624
1.441624
1.442846
1.442846
1.443691
1.443691
1.449794
1.453087
1.453087
1.455593
1.455593
1.456068
1.456069
1.457033
1.457033
1.457869
1.457869
1.459510
1.459510
1.461333
1.461333
1.465410
1.465410
1.467097
1.470547
1.470547
1.470603
1.470603
1.471267
1.471267
1.475189
1.475189
1.477090
1.477090
1.477240
1.479966
1.484019
1.484019
1.486385
1.486385
1.489330
1.489330
1.490446
1.492727
1.492727
1.496996
1.496996
1.497490
1.497490
1.498639
1.498639
1.498871
1.498871
1.499049
1.499765
1.499765
1.500887
1.500887
1.501034
1.501034
1.501412
1.501412
1.513465
1.516150
1.516150
1.525960
1.527592
1.527592
1.528689
1.528689
1.528829
1.528829
1.538025
1.538025
1.538564
1.538564
1.539027
1.539027
1.546648
1.547540
1.547540
1.557207
1.557207
1.561872
1.561872
1.564581
1.564581
1.565196
1.566226
1.566226
1.568597
1.568597
1.573782
1.573782
1.575556
1.576612
1.576612
1.577464
1.577464
1.578290
1.578290
1.585212
1.585212
1.593499
1.593499
1.594474
1.594474
1.595367
1.595367
1.600827
1.600966
1.600966
1.611145
1.611145
1.613206
1.613206
1.614305
1.617251
1.617252
1.621208
1.623591
1.623592
1.627363
1.627363
1.630027
1.630027
1.636522
1.636522
1.637933
1.637933
1.638626
1.638626
1.640649
1.640649
1.640970
1.640970
1.641755
1.642379
1.642379
1.645297
1.651804
1.651804
1.654369
1.654369
1.656171
1.656172
1.657761
1.657761
1.658439
1.658896
1.661714
1.661714
1.663948
1.664670
1.664670
1.665392
1.665811
1.665812
1.668923
1.669509
1.752790
1.757591
1.763943
1.763943
1.765123
1.765123
1.777210
1.777210
1.778111
1.778111
1.785473
1.785473
1.785684
1.785684
1.788062
1.788062
1.847527
1.855399
1.866031
1.866031
1.873327
1.873327
1.881418
1.887602
1.891719
1.891719
1.902724
1.902724
1.902930
1.902930
1.904153
1.904153
1.912167
1.920120
1.920325
1.920325
1.923838
1.923838
1.924831
1.924831
1.926954
1.926954
1.927509
1.932020
1.932020
1.934042
1.934042
1.938213
1.938213
1.938672
1.938672
1.943239
1.943239
1.945186
1.945186
1.949209
1.949209
1.949596
1.949596
1.955089
1.955476
1.955476
1.955603
1.955603
1.956859
1.956859
1.956882
1.956882
1.960514
1.960514
1.964102
1.964102
1.967326
1.967326
1.970883
1.970883
1.974447
1.974447
1.976971
1.976971
1.977444
1.977444
1.979538
1.979538
1.980140
1.980540
1.980540
1.983331
1.983331
1.985020
1.985020
1.990102
1.990102
1.991287
1.991287
1.991791
1.991791
1.992993
1.992993
1.994506
1.994506
1.995259
1.996364
1.996364
1.998237
1.998237
1.998691
1.998691
1.998846
1.998846
1.999955
2.000087
2.000087
2.000089
2.000089
2.000938
2.000938
2.001221
2.001847
2.001847
2.002070
2.002071
2.003699
2.003699
2.004230
2.004230
2.004300
2.004756
